absent,low,medium,high
0.3060372976531702,0.6930653905192533,4.486559117300038E-4,4.4865591584644914E-4
0.039712910775156963,0.9541319696485134,0.00555065343094481,6.044661453849033E-4
0.5077504365723589,0.4867549336937693,0.005032029820098961,4.6259991377299955E-4
0.05067176323676213,0.8482163838334883,0.09415563672735375,0.0069562162023958365
0.19269207493329787,0.770921088444787,0.03574114401754961,6.456926043655099E-4
0.02381143320343574,0.9546966097124089,0.019941342931312684,0.0015506141528428346
0.26572246794717663,0.7180513299034117,0.015350916885619884,8.752852637918182E-4
0.6504224656823895,0.34681783488316575,0.002290960532701608,4.687389017433003E-4
0.41034755357988084,0.5791384735200299,0.010065136300067652,4.488366000217062E-4
0.4107936172935115,0.5854133603476375,0.0028943346215861065,8.986877372648927E-4
0.22822512670775857,0.7438093020190372,0.02740648139918251,5.590898740218094E-4
0.13998848489459634,0.8350653545143297,0.024063682044992523,8.824785460812371E-4
0.40238335410586434,0.5810319374136169,0.014985692639757613,0.0015990158407611541
0.08342956395968774,0.9096690610001478,0.006423062518143755,4.7831252202052885E-4
0.12985584277840798,0.867011665269908,0.0026838314723679566,4.486604793162408E-4
0.262141785515347,0.7349308802730699,0.002478678197680054,4.4865601390286624E-4
0.2882264835178747,0.706515911407476,0.0048089490758577965,4.4865599879133025E-4
0.10442753053594091,0.8921365930550216,0.002987220386730681,4.4865602230669726E-4
0.2923580534939909,0.7025078976249656,0.004685392824853496,4.486560561899012E-4
0.22695861963564212,0.76469708384545,0.00789562754747256,4.4866897143532367E-4
0.04713661898237154,0.9498181422001375,0.002591235533539444,4.540032839514664E-4
0.16679185030191648,0.8300893776857711,0.0026550561303682473,4.637158819443268E-4
0.05542487617320296,0.9352747756010817,0.008412957248844631,8.873909768706664E-4
0.03907251784852232,0.9535830455383373,0.006450188659874439,8.942479532660242E-4
0.07722915661659556,0.9057854281668822,0.016523613882478597,4.618013340436462E-4
0.06883886508533127,0.9213808660753365,0.009331612487545783,4.4865635178638504E-4
0.010497569858510367,0.9854485470967842,0.0036052262190084546,4.4865682569694584E-4
0.0028613213122272558,0.9851811219081116,0.011508888472447892,4.486683072132662E-4
0.05338876300218789,0.9370791110448575,0.009074145951217326,4.579800017371519E-4
0.007813776750168705,0.9792697035763341,0.012241880192916676,6.746394805804385E-4
5.967165936111794E-4,0.9954438206594018,0.0034959599482581685,4.635027987288902E-4
0.05157685228190638,0.9438383653355227,0.004135185314655019,4.495970679159433E-4
0.02084896077960713,0.9756843048756612,0.0030179420647776086,4.4879227995405435E-4
0.013801792548702218,0.9711407187426746,0.014592696116887694,4.6479259173551227E-4
0.15407446509170356,0.8340870631645271,0.01137168775136947,4.667839923999178E-4
0.17312577062187073,0.8259594447074989,4.654559286521238E-4,4.493287419783547E-4
0.029822986159557047,0.9613685961125567,0.007678453754010223,0.001129963973876124
0.05374226501284154,0.9443811273392291,0.0014279516663013067,4.4865598162795596E-4
0.11087735348048793,0.849354869637829,0.03878199233165467,9.857845500283525E-4
0.224922986579855,0.7199037234843589,0.05289809244744752,0.002275197488338647
0.22200680161285502,0.7570804746113132,0.020283845059224846,6.288787166067951E-4
0.20933818907851054,0.7476256186022585,0.04109265842871323,0.0019435338905175795
0.030990613845328672,0.9526085917217393,0.01595100970904737,4.49784723884899E-4
0.017627082465647537,0.9605849229840686,0.020872075012729994,9.159195375538448E-4
0.07142355257944978,0.9069727369310304,0.02115284678703454,4.508637024854194E-4
0.058253201228214466,0.921229034596826,0.020063616143882863,4.541480310766685E-4
0.11141732758654439,0.8644097519546929,0.022857081809504156,0.0013158386492586685
0.07968297445227103,0.8886645447103533,0.031177736603983614,4.747442333919014E-4
0.12237159605226425,0.8724734872674494,0.0042711168708060975,8.837998094802939E-4
0.15251909946259487,0.8240366760184976,0.02246736402891927,9.768604899880475E-4
0.0922012735650352,0.8813377295219322,0.026012340998978138,4.4865591405450126E-4
0.07769970012144324,0.9078427425650205,0.013560667831470455,8.968894820656963E-4
0.12356506203714208,0.8545208943537571,0.019943556918422034,0.0019704866906786536
0.1370546139130118,0.7901404925404679,0.06895787564506432,0.0038470179014560967
0.16696965088474122,0.8217061413030299,0.010875544578605725,4.4866323362329483E-4
0.21712876417189705,0.7809605843237933,0.0014614729245148784,4.491785797947879E-4
0.002722673536513186,0.9921742007274122,0.004654468289105912,4.4865744696855476E-4
0.08651695865815032,0.8974211751672981,0.015609915949075414,4.519502254761602E-4
0.1558276687113747,0.8288160733054536,0.01452677126736659,8.294867158052424E-4
0.0032953621262911703,0.9855106997511149,0.010744829541731197,4.491085808628043E-4
0.06979270896843084,0.9135440281606982,0.016196460227215263,4.668026436558326E-4
0.017631775790624818,0.9588281498314,0.02272868175981537,8.11392618159788E-4
0.10089595889832305,0.8674456123701818,0.03108697205861764,5.714566728773557E-4
0.1450244124123794,0.8500989013053348,0.0044279012987146725,4.4878498357117354E-4
0.16959701783005698,0.8132478263979123,0.016706462863799478,4.4869290823144154E-4
0.30267938407379535,0.6958229013185732,0.0010488194411384295,4.488951664929796E-4
0.0975291088636131,0.9007638773682713,0.0012583578076298591,4.4865596048567955E-4
0.11406904413941639,0.8801788218916894,0.005303477840154727,4.4865612873948974E-4
0.045647033136055275,0.9416332843127861,0.012271026602730342,4.48655948428177E-4
0.026649203616890278,0.9560458550868902,0.01685626214840241,4.486791478171476E-4
0.010308394378430327,0.985034324725575,0.00420860830370562,4.486725922890507E-4
0.1128215904329133,0.8644741350519819,0.022255094471618896,4.491800434858905E-4
0.05754420795800433,0.9221324057898119,0.0198747293043772,4.4865694780663973E-4
0.013571799205805224,0.9746772565665437,0.011302287119598468,4.4865710805270674E-4
0.09235939147731795,0.8876148013148734,0.019576881535941972,4.4892567186675627E-4
0.0049479307366413535,0.9766919145527454,0.017911052450677936,4.4910225993534587E-4
0.056944377402994184,0.9247061972958538,0.017898351608469955,4.51073692681955E-4
0.15170323804306288,0.8236941195109722,0.02216575322812102,0.002436889217843942
0.04189841576694507,0.9237759833553403,0.03364748638753334,6.781144901814109E-4
0.009300854102560761,0.9771808529160747,0.013067214328889305,4.510786524751697E-4
0.00347397295770316,0.9870410015860488,0.009036369544503096,4.486559117449985E-4
0.009203606267004729,0.9573862088239421,0.03295485377687672,4.553311321764706E-4
0.05553126253706523,0.9137625125812703,0.029757762294637946,9.4846258702632E-4
4.487091195429059E-4,0.9946129303125669,0.004485912046105555,4.5244852178458547E-4
0.05446788906684094,0.933713440501928,0.010924402207163677,8.942682240674095E-4
0.00685844570073113,0.9851035074626766,0.007589390924647955,4.486559119443137E-4
0.001493415579607896,0.9360148490865754,0.06201577958341722,4.7595575039940014E-4
0.0066204938831751865,0.9341186191846641,0.0573905554745809,0.0018703314575797458
0.08693603318870523,0.8715154256991495,0.04038568252036759,0.0011628585917777088
0.0044931239131123695,0.9645039383863346,0.03055428133830173,4.486563622511784E-4
0.02809774101363257,0.9110533484619516,0.0591686677433659,0.0016802427810500187
0.0021992399712180474,0.9733279740013815,0.023969244674717484,5.03541352682891E-4
0.16010881461333007,0.8029490210009402,0.036483257960786664,4.5890642494283946E-4
4.5202540010444404E-4,0.9586660544367759,0.03954283693289212,0.001339083230227616
0.6227005498855274,0.35650554888477837,0.019741954408039587,0.0010519468216547128
4.4865613076885654E-4,0.9710655889316273,0.028037098857448827,4.486560801549376E-4
4.589186471038866E-4,0.9650121311679856,0.034080294270145424,4.4865591476516407E-4
4.48655911730005E-4,0.6845109913506301,0.31407711384571196,9.632388919278882E-4
4.486559117386365E-4,0.9400615616910024,0.058866445698745364,6.23336698513708E-4
0.007463545299320323,0.9536536888596245,0.03530860297398774,0.003574162867067255
