net 
{ 
}
node CHD5 
{
  states = ( "absent" "low" "medium" "high" );
}
node HOMER1 
{
  states = ( "absent" "low" "medium" "high" );
}
node SYTL2 
{
  states = ( "absent" "low" "medium" "high" );
}
node HRH2 
{
  states = ( "absent" "low" "medium" "high" );
}
node LPCAT4 
{
  states = ( "absent" "low" "medium" "high" );
}
node MIR124_2HG 
{
  states = ( "absent" "low" "medium" "high" );
}
node VPS13A 
{
  states = ( "absent" "low" "medium" "high" );
}
node MICAL2 
{
  states = ( "absent" "low" "medium" "high" );
}
node RYR2 
{
  states = ( "absent" "low" "medium" "high" );
}
node PKD1 
{
  states = ( "absent" "low" "medium" "high" );
}
node CELF4 
{
  states = ( "absent" "low" "medium" "high" );
}
node SNTG1 
{
  states = ( "absent" "low" "medium" "high" );
}
node MNAT1 
{
  states = ( "absent" "low" "medium" "high" );
}
node KALRN 
{
  states = ( "absent" "low" "medium" "high" );
}
node RIMS2 
{
  states = ( "absent" "low" "medium" "high" );
}
node OLFM1 
{
  states = ( "absent" "low" "medium" "high" );
}
node SLC12A5 
{
  states = ( "absent" "low" "medium" "high" );
}
node STXBP5L 
{
  states = ( "absent" "low" "medium" "high" );
}
node FBXW7 
{
  states = ( "absent" "low" "medium" "high" );
}
node R3HDM1 
{
  states = ( "absent" "low" "medium" "high" );
}
node UNC80 
{
  states = ( "absent" "low" "medium" "high" );
}
node LINC00632 
{
  states = ( "absent" "low" "medium" "high" );
}
node RBFOX1 
{
  states = ( "absent" "low" "medium" "high" );
}
node PWARSN 
{
  states = ( "absent" "low" "medium" "high" );
}
node UCHL1 
{
  states = ( "absent" "low" "medium" "high" );
}
node ATP2B1 
{
  states = ( "absent" "low" "medium" "high" );
}
node MAP2 
{
  states = ( "absent" "low" "medium" "high" );
}
node DNM1 
{
  states = ( "absent" "low" "medium" "high" );
}
node ARPP21 
{
  states = ( "absent" "low" "medium" "high" );
}
node MIAT 
{
  states = ( "absent" "low" "medium" "high" );
}
node APLP2 
{
  states = ( "absent" "low" "medium" "high" );
}
node RPL15 
{
  states = ( "absent" "low" "medium" "high" );
}
node PHACTR1 
{
  states = ( "absent" "low" "medium" "high" );
}
node RGS7 
{
  states = ( "absent" "low" "medium" "high" );
}
node NR3C1 
{
  states = ( "absent" "low" "medium" "high" );
}
node WDR17 
{
  states = ( "absent" "low" "medium" "high" );
}
node BDP1 
{
  states = ( "absent" "low" "medium" "high" );
}
node NRD1 
{
  states = ( "absent" "low" "medium" "high" );
}
node GOLGA8B 
{
  states = ( "absent" "low" "medium" "high" );
}
node NRCAM 
{
  states = ( "absent" "low" "medium" "high" );
}
node NPIPA1 
{
  states = ( "absent" "low" "medium" "high" );
}
node PI4KA 
{
  states = ( "absent" "low" "medium" "high" );
}
node PPFIA2 
{
  states = ( "absent" "low" "medium" "high" );
}
node MAN1A2 
{
  states = ( "absent" "low" "medium" "high" );
}
node TMEM14A 
{
  states = ( "absent" "low" "medium" "high" );
}
node ADGRB3 
{
  states = ( "absent" "low" "medium" "high" );
}
node YTHDC2 
{
  states = ( "absent" "low" "medium" "high" );
}
node SRSF7 
{
  states = ( "absent" "low" "medium" "high" );
}
node PDE4D 
{
  states = ( "absent" "low" "medium" "high" );
}
node ROCK2 
{
  states = ( "absent" "low" "medium" "high" );
}
node NAP1L1 
{
  states = ( "absent" "low" "medium" "high" );
}
node TARBP1 
{
  states = ( "absent" "low" "medium" "high" );
}
node TCERG1 
{
  states = ( "absent" "low" "medium" "high" );
}
node WDR60 
{
  states = ( "absent" "low" "medium" "high" );
}
node HERC1 
{
  states = ( "absent" "low" "medium" "high" );
}
node TTC14 
{
  states = ( "absent" "low" "medium" "high" );
}
node GPM6A 
{
  states = ( "absent" "low" "medium" "high" );
}
node CSTF3 
{
  states = ( "absent" "low" "medium" "high" );
}
node GRIA2 
{
  states = ( "absent" "low" "medium" "high" );
}
node MEG3 
{
  states = ( "absent" "low" "medium" "high" );
}
node HSP90AA2P 
{
  states = ( "absent" "low" "medium" "high" );
}
node IGL 
{
  states = ( "absent" "low" "medium" "high" );
}
node LOC100128906 
{
  states = ( "absent" "low" "medium" "high" );
}
node ANKRD12 
{
  states = ( "absent" "low" "medium" "high" );
}
node SFXN1 
{
  states = ( "absent" "low" "medium" "high" );
}
node RBM26 
{
  states = ( "absent" "low" "medium" "high" );
}
node ZMYND8 
{
  states = ( "absent" "low" "medium" "high" );
}
node SUGP2 
{
  states = ( "absent" "low" "medium" "high" );
}
node WHSC1L1 
{
  states = ( "absent" "low" "medium" "high" );
}
node PNN 
{
  states = ( "absent" "low" "medium" "high" );
}
node CCDC88A 
{
  states = ( "absent" "low" "medium" "high" );
}
node MYCBP2 
{
  states = ( "absent" "low" "medium" "high" );
}
node KMT2A 
{
  states = ( "absent" "low" "medium" "high" );
}
node KMT2E 
{
  states = ( "absent" "low" "medium" "high" );
}
node RSRP1 
{
  states = ( "absent" "low" "medium" "high" );
}
node RPL10 
{
  states = ( "absent" "low" "medium" "high" );
}
node MRPS21 
{
  states = ( "absent" "low" "medium" "high" );
}
node CHD9 
{
  states = ( "absent" "low" "medium" "high" );
}
node HMGN3 
{
  states = ( "absent" "low" "medium" "high" );
}
node PTPRD 
{
  states = ( "absent" "low" "medium" "high" );
}
node SREK1 
{
  states = ( "absent" "low" "medium" "high" );
}
node PPIP5K2 
{
  states = ( "absent" "low" "medium" "high" );
}
node TNRC6B 
{
  states = ( "absent" "low" "medium" "high" );
}
node PCDH9 
{
  states = ( "absent" "low" "medium" "high" );
}
node RBM25 
{
  states = ( "absent" "low" "medium" "high" );
}
node MPHOSPH8 
{
  states = ( "absent" "low" "medium" "high" );
}
node SRSF11 
{
  states = ( "absent" "low" "medium" "high" );
}
node ZRANB2 
{
  states = ( "absent" "low" "medium" "high" );
}
node NCOR1 
{
  states = ( "absent" "low" "medium" "high" );
}
node TTC3 
{
  states = ( "absent" "low" "medium" "high" );
}
node LUC7L3 
{
  states = ( "absent" "low" "medium" "high" );
}
node PNISR 
{
  states = ( "absent" "low" "medium" "high" );
}
node MALAT1 
{
  states = ( "absent" "low" "medium" "high" );
}
node TRIM9 
{
  states = ( "absent" "low" "medium" "high" );
}
node KCNMA1 
{
  states = ( "absent" "low" "medium" "high" );
}
node ARGLU1 
{
  states = ( "absent" "low" "medium" "high" );
}
node HNRNPDL 
{
  states = ( "absent" "low" "medium" "high" );
}
node DDX5 
{
  states = ( "absent" "low" "medium" "high" );
}
node PAICSP4 
{
  states = ( "absent" "low" "medium" "high" );
}
node SRSF5 
{
  states = ( "absent" "low" "medium" "high" );
}
node variable677 
{
  states = ( "state0" "state1" "state2" "state3" "state4" "state5" "state6" );
}
node variable1188 
{
  states = ( "state0" "state1" "state2" "state3" "state4" "state5" "state6" "state7" );
}
node variable1442 
{
  states = ( "state0" "state1" "state2" "state3" "state4" );
}
node variable1483 
{
  states = ( "state0" "state1" "state2" "state3" );
}
node variable1484 
{
  states = ( "state0" "state1" "state2" "state3" );
}
node variable1485 
{
  states = ( "state0" "state1" "state2" "state3" "state4" );
}
potential ( CHD5 | variable677 ) 
{
  data = ((8.981540e-01 9.554911e-02 6.296939e-03 1.612889e-92)(0.010728576 0.965148833 0.023059718 0.001062873)(0.96850494 0.03149506 0.00000000 0.00000000)(0.109823618 0.831516823 0.051842392 0.006817167)( 3.443997e-03  9.953190e-01  1.236991e-03 2.394239e-311)(0.0290748907 0.9676029835 0.0030642830 0.0002578428)(0.0306522793 0.9377395559 0.0306585430 0.0009496218)) ;
}
potential ( HOMER1 | variable677 ) 
{
  data = ((0.828193280 0.144413104 0.024798372 0.002595244)(0.2573519667 0.7229215830 0.0193998196 0.0003266306)(0.94022129 0.05977871 0.00000000 0.00000000)(0.647781148 0.332152960 0.017579284 0.002486607)(0.0491393720 0.9214043066 0.0291723452 0.0002839762)(0.4814215195 0.5159231986 0.0022890025 0.0003662794)(0.20040597 0.67709926 0.10977249 0.01272227)) ;
}
potential ( SYTL2 | variable677 ) 
{
  data = ((0.742682898 0.228798288 0.025721012 0.002797801)(0.1614112750 0.8273068779 0.0109121592 0.0003696879)(0.820659511 0.157470922 0.015234260 0.006635308)( 7.667278e-01  2.250912e-01  8.181004e-03 3.203774e-160)(0.059867547 0.931998247 0.008134206 0.000000000)(0.624782516 0.373938300 0.001279184 0.000000000)(0.144089617 0.775144480 0.075334561 0.005431343)) ;
}
potential ( HRH2 | variable677 ) 
{
  data = ((0.951777851 0.046581350 0.001640799 0.000000000)(0.14697471 0.83970886 0.01331643 0.00000000)(0.959899737 0.036726402 0.003373862 0.000000000)(0.408973929 0.561331561 0.028309264 0.001385246)(0.016766898 0.976304580 0.006928522 0.000000000)(0.440178756 0.552370202 0.007451042 0.000000000)(0.080074037 0.838102866 0.079578576 0.002244521)) ;
}
potential ( LPCAT4 | variable677 ) 
{
  data = ((0.817216469 0.172589040 0.007605347 0.002589145)( 1.082044e-01  8.837238e-01  8.071792e-03 2.924733e-281)(0.937235805 0.058198900 0.004565295 0.000000000)(0.361068849 0.606111576 0.031434373 0.001385203)(0.028635472 0.970198065 0.001002924 0.000163539)(0.09926077 0.87851330 0.02222594 0.00000000)(0.1419139864 0.8231720927 0.0340121582 0.0009017628)) ;
}
potential ( MIR124_2HG | variable677 ) 
{
  data = (( 6.912350e-01  3.043050e-01 1.617449e-129  4.459971e-03)(0.010965858 0.983616730 0.005417412 0.000000000)(0.895747 0.104253 0.000000 0.000000)(0.22074411 0.76243715 0.01486615 0.00195258)(0.0002673575 0.9967027760 0.0030298665 0.0000000000)(0.062725681 0.930893910 0.006380408 0.000000000)(0.013168665 0.922572435 0.062890283 0.001368617)) ;
}
potential ( VPS13A | variable677 ) 
{
  data = ((0.636436650 0.336462691 0.024511492 0.002589167)(0.095740126 0.900931377 0.003328497 0.000000000)(0.80984858 0.17983167 0.01031974 0.00000000)(0.45061898 0.53364046 0.01395257 0.00178799)(0.005762245 0.987937093 0.006300662 0.000000000)(0.240470821 0.758406913 0.001122267 0.000000000)(0.098069269 0.856261827 0.042918118 0.002750786)) ;
}
potential ( MICAL2 | variable677 ) 
{
  data = (( 8.995332e-01  1.004668e-01 3.073456e-230  0.000000e+00)(0.09386648 0.89063326 0.01550026 0.00000000)(0.960172059 0.038135006 0.000000000 0.001692935)(0.5758367202 0.4047387036 0.0185011869 0.0009233893)(0.014274165 0.981415261 0.004310575 0.000000000)(0.230626191 0.766320685 0.003053124 0.000000000)(0.071429862 0.877508941 0.048367674 0.002693523)) ;
}
potential ( RYR2 | variable677 ) 
{
  data = (( 8.763484e-01  1.236505e-01  1.093022e-06 1.213850e-228)(0.037461119 0.953005874 0.009533007 0.000000000)(0.891480422 0.105134429 0.003385149 0.000000000)(0.435644070 0.543275835 0.017441386 0.003638708)(0.002186448 0.990908040 0.006905512 0.000000000)(0.176087273 0.816108211 0.007804516 0.000000000)(0.049063534 0.905513440 0.044022543 0.001400484)) ;
}
potential ( PKD1 | variable677 ) 
{
  data = ((0.44072374 0.54982063 0.00945563 0.00000000)(0.0004307482 0.9743462501 0.0248429528 0.0003800488)(0.606447707 0.387914976 0.005637317 0.000000000)(0.0675575090 0.9091947042 0.0223200043 0.0009277825)(0.0002918341 0.9974231963 0.0022849695 0.0000000000)(0.015437211 0.982472651 0.002090138 0.000000000)(0.01465184 0.95659345 0.02737896 0.00137574)) ;
}
potential ( CELF4 | variable677 ) 
{
  data = ((0.737348841 0.260055528 0.000000000 0.002595631)(2.146868e-02 9.609223e-01 1.760898e-02 5.129771e-11)(0.8971997 0.1028003 0.0000000 0.0000000)(0.066668483 0.878791787 0.051142988 0.003396741)(0.003397742 0.989521811 0.007080447 0.000000000)(0.0116435267 0.9710599507 0.0167246418 0.0005718807)(0.033209342 0.914971905 0.047570566 0.004248187)) ;
}
potential ( SNTG1 | variable677 ) 
{
  data = ((0.341984473 0.610300085 0.042537152 0.005178289)(0.042449759 0.949490823 0.008059418 0.000000000)(0.937749151 0.057588432 0.004662417 0.000000000)(0.120282573 0.835232377 0.041718161 0.002766888)(0.004113820 0.990820727 0.005065453 0.000000000)(7.055346e-02 9.050997e-01 2.434684e-02 1.207581e-86)(0.043465977 0.882019956 0.072714930 0.001799137)) ;
}
potential ( MNAT1 | variable677 ) 
{
  data = ((0.61105325 0.36798317 0.02096358 0.00000000)(0.042719865 0.951379947 0.005900188 0.000000000)(0.74892991 0.23813785 0.00954637 0.00338587)(0.2873373672 0.6855541656 0.0264454824 0.0006629849)(0.0007372343 0.9920451364 0.0072176293 0.0000000000)(0.1036367550 0.8928587652 0.0030861049 0.0004183749)(0.039202322 0.888429336 0.070706261 0.001662081)) ;
}
potential ( KALRN | variable677 ) 
{
  data = ((0.688844873 0.303081358 0.005484847 0.002588922)(0.019094540 0.972564799 0.008340661 0.000000000)(0.8306039 0.1693961 0.0000000 0.0000000)(0.261178608 0.712590575 0.024850292 0.001380526)(0.0006116395 0.9922073739 0.0071809866 0.0000000000)( 2.196337e-01  7.803663e-01 9.582285e-201 7.681219e-318)(0.013073130 0.901535441 0.084937886 0.000453543)) ;
}
potential ( RIMS2 | variable677 ) 
{
  data = ((0.530141764 0.461840221 0.008018015 0.000000000)(0.005182342 0.980917433 0.013900225 0.000000000)( 9.308708e-01  6.912925e-02 2.456797e-282  0.000000e+00)(0.113438765 0.836790414 0.047450376 0.002320445)(0.0009992343 0.9918225265 0.0071782392 0.0000000000)(0.08333333 0.90556737 0.01109931 0.00000000)(0.006916672 0.911439085 0.079859990 0.001784253)) ;
}
potential ( OLFM1 | variable677 ) 
{
  data = ((0.528000480 0.469410557 0.000000000 0.002588963)(0.0132921778 0.9609815849 0.0254240461 0.0003021912)(0.773399907 0.224907158 0.001692935 0.000000000)(0.263433415 0.695998812 0.038347196 0.002220577)( 1.287254e-03  9.919435e-01  6.769214e-03 2.421609e-191)( 1.581724e-01  8.338577e-01  7.969828e-03 2.939731e-133)(0.009774988 0.808863692 0.168587958 0.012773362)) ;
}
potential ( SLC12A5 | variable677 ) 
{
  data = ((0.87968066 0.10923674 0.01108261 0.00000000)( 9.774628e-02  8.894178e-01  1.283589e-02 8.592317e-140)(0.95968606 0.04031394 0.00000000 0.00000000)(0.227689143 0.679234381 0.087926352 0.005150123)(0.043203864 0.954951634 0.001844501 0.000000000)( 9.385917e-02  8.815249e-01  2.461595e-02 1.797899e-149)(0.101857943 0.829463117 0.064707691 0.003971249)) ;
}
potential ( STXBP5L | variable677 ) 
{
  data = ((0.735002894 0.255351631 0.009645475 0.000000000)(2.367775e-02 9.691716e-01 7.150682e-03 3.873420e-57)(0.954230633 0.044076432 0.000000000 0.001692935)(0.3066253653 0.6803620205 0.0120212319 0.0009913823)(0.0008772957 0.9866331832 0.0124895210 0.0000000000)(1.226097e-01 8.731024e-01 4.287941e-03 4.172080e-90)(0.037210326 0.891803692 0.067460757 0.003525225)) ;
}
potential ( FBXW7 | variable677 ) 
{
  data = ((0.721500491 0.262969261 0.010349503 0.005180745)(0.003902625 0.982404650 0.013692725 0.000000000)(0.878170375 0.120136742 0.000000000 0.001692883)(4.423323e-01 5.418835e-01 1.578412e-02 2.448606e-29)( 1.295867e-03  9.723556e-01  2.634852e-02 1.124005e-208)( 2.825827e-01  7.174173e-01 2.691631e-203  0.000000e+00)(0.01046936 0.80559751 0.17360881 0.01032432)) ;
}
potential ( R3HDM1 | variable677 ) 
{
  data = ((0.5695276 0.4304724 0.0000000 0.0000000)(0.002767557 0.994186159 0.003046284 0.000000000)(0.7599273 0.2400727 0.0000000 0.0000000)(0.2454830970 0.7497672652 0.0038826806 0.0008669572)(2.359625e-170  9.692810e-01  3.071902e-02  0.000000e+00)( 7.961276e-02  9.203872e-01 5.549724e-222  0.000000e+00)(0.0003642414 0.9080214306 0.0902126480 0.0014016800)) ;
}
potential ( UNC80 | variable677 ) 
{
  data = ((0.44358584 0.51610718 0.04030698 0.00000000)(0.02046269 0.97797181 0.00156550 0.00000000)(0.893178799 0.103333286 0.003487915 0.000000000)(0.156878313 0.806857400 0.035249475 0.001014812)(8.412668e-05 9.864889e-01 1.342702e-02 0.000000e+00)( 1.642729e-02  9.669278e-01  1.664496e-02 1.963644e-242)(0.021158915 0.906858811 0.070275432 0.001706842)) ;
}
potential ( LINC00632 | variable677 ) 
{
  data = ((0.536775659 0.457269699 0.005954643 0.000000000)(0.012184697 0.986193249 0.001622054 0.000000000)(0.6641546 0.3358454 0.0000000 0.0000000)(0.072604840 0.918031371 0.009363789 0.000000000)(3.864703e-91 9.385343e-01 6.097107e-02 4.946803e-04)(0.009030327 0.986063488 0.004906185 0.000000000)(0.005318179 0.939563127 0.053771334 0.001347360)) ;
}
potential ( RBFOX1 | variable677 ) 
{
  data = ((0.65438784 0.32434852 0.02126364 0.00000000)( 4.346772e-02  9.501965e-01  6.335817e-03 3.167054e-287)(0.937185127 0.057299992 0.005514881 0.000000000)(0.311214099 0.650760928 0.036176426 0.001848546)(3.699606e-17 9.826713e-01 1.732869e-02 0.000000e+00)( 7.938456e-02  8.987221e-01  2.189335e-02 1.717173e-294)(0.021671751 0.848769175 0.122827042 0.006732031)) ;
}
potential ( PWARSN | variable677 ) 
{
  data = ((0.560482638 0.399685875 0.034664216 0.005167271)(0.033694890 0.958424850 0.007880261 0.000000000)(0.737192528 0.249835894 0.011278852 0.001692726)(0.114309732 0.832886330 0.051240392 0.001563546)(0.006633492 0.980944026 0.012422482 0.000000000)( 2.906561e-02  9.406181e-01  3.031631e-02 2.078244e-286)(0.085894463 0.845127225 0.066456261 0.002522051)) ;
}
potential ( UCHL1 | variable677 ) 
{
  data = ((0.5146687 0.4697233 0.0156080 0.0000000)(0.0144077118 0.9831998087 0.0018686120 0.0005238675)(0.782150646 0.212773553 0.005075801 0.000000000)(0.048073803 0.897148618 0.052850726 0.001926853)( 1.120617e-04  9.846361e-01  1.525180e-02 7.817146e-177)( 5.827201e-03  9.601751e-01  3.399767e-02 2.826514e-265)(0.001487216 0.870106408 0.122772395 0.005633980)) ;
}
potential ( ATP2B1 | variable677 ) 
{
  data = ((0.4132882 0.5764892 0.0102226 0.0000000)( 3.302398e-03  9.880854e-01  8.612157e-03 6.487675e-171)(0.71315382 0.27496691 0.01187927 0.00000000)(0.091894962 0.854858045 0.049919275 0.003327718)(1.324475e-27 9.699587e-01 3.004128e-02 0.000000e+00)( 4.907164e-02  9.437887e-01  7.139615e-03 1.292640e-221)(1.728899e-82 7.778236e-01 2.155356e-01 6.640733e-03)) ;
}
potential ( MAP2 | variable677 ) 
{
  data = ((0.285568866 0.678799225 0.031171561 0.004460348)( 4.188160e-03  9.958118e-01  2.035902e-23 3.833065e-260)(0.787397458 0.208067266 0.004535277 0.000000000)(0.019220820 0.904527718 0.072353934 0.003897529)( 2.114084e-91  9.860919e-01  1.390814e-02 4.871164e-299)( 5.422309e-04  9.407013e-01  5.875644e-02 3.732055e-266)(0.004331783 0.905838734 0.084964929 0.004864554)) ;
}
potential ( DNM1 | variable677 ) 
{
  data = ((0.63361362 0.35596146 0.01042492 0.00000000)(0.004268070 0.962004449 0.033340092 0.000387389)(0.896532608 0.101774457 0.000000000 0.001692935)(0.088242113 0.844968098 0.058935663 0.007854126)( 7.667786e-04  9.846036e-01  1.462962e-02 1.509048e-224)(0.020428914 0.914759364 0.062900565 0.001911156)(0.015479955 0.823370002 0.153917946 0.007232096)) ;
}
potential ( ARPP21 | variable677 ) 
{
  data = ((0.448209842 0.524396378 0.022215345 0.005178435)(0.018618516 0.916624942 0.063522614 0.001233928)(0.83635058 0.16125845 0.00239097 0.00000000)(0.467687100 0.497108373 0.030857190 0.004347337)(0.0006082875 0.9160049514 0.0831254305 0.0002613306)( 6.681358e-01  3.201285e-01  1.173565e-02 3.101309e-153)(0.007149048 0.714823382 0.253340536 0.024687034)) ;
}
potential ( MIAT | variable677 ) 
{
  data = ((0.33077033 0.65735821 0.01187146 0.00000000)(0.0004114687 0.8237607514 0.1710085545 0.0048192255)(0.666253536 0.330734678 0.003011786 0.000000000)(0.027444258 0.905765399 0.061341081 0.005449263)( 0.000000e+00  9.533159e-01  4.668407e-02 1.068847e-197)(0.003525284 0.960861965 0.033069611 0.002543139)(2.641826e-127  8.490655e-01  1.450008e-01  5.933675e-03)) ;
}
potential ( APLP2 | variable1188 ) 
{
  data = ((0.056959409 0.941061339 0.001979251 0.000000000)(0.2839249230 0.7055376556 0.0100380624 0.0004993591)(0.11217610 0.65251440 0.19926281 0.03604668)(1.452288e-01 8.324104e-01 2.236078e-02 2.902500e-32)(0.03361702 0.84943550 0.10876170 0.00818578)( 1.952051e-01  8.047949e-01  3.972156e-08 1.226493e-252)(0.646542836 0.324347558 0.027498424 0.001611181)(0.76176562 0.20895611 0.02401791 0.00526036)) ;
}
potential ( RPL15 | variable1188 ) 
{
  data = ((0.0935905189 0.9033539601 0.0028919101 0.0001636109)(4.282372e-01 5.525133e-01 1.924948e-02 3.451061e-60)(0.1820604 0.6616422 0.1363475 0.0199500)(0.156539867 0.784221161 0.058116058 0.001122914)( 1.500068e-01  8.024187e-01  4.757449e-02 2.257412e-110)( 2.867037e-01  7.103830e-01  2.913357e-03 5.108406e-190)(0.633349288 0.335813506 0.026131208 0.004705998)( 6.311013e-01  3.277890e-01  4.110972e-02 1.398795e-273)) ;
}
potential ( PHACTR1 | variable1188 ) 
{
  data = ((0.03359456 0.95639473 0.01001070 0.00000000)(0.462488624 0.518798974 0.017656238 0.001056165)(0.49189306 0.44333843 0.05209119 0.01267732)(0.158951318 0.775746991 0.062616937 0.002684755)(4.307378e-01 5.688593e-01 5.732213e-26 4.029254e-04)( 1.983803e-01  7.880222e-01  1.359746e-02 1.173419e-142)(0.6797773 0.3014238 0.0187989 0.0000000)(0.78306208 0.19944277 0.01749515 0.00000000)) ;
}
potential ( RGS7 | variable1188 ) 
{
  data = ((0.047789027 0.949631462 0.002579512 0.000000000)(0.524730267 0.457693522 0.016861305 0.000714906)(0.35547738 0.54597475 0.08545132 0.01309655)( 1.336968e-01  8.168849e-01  4.941836e-02 7.566689e-125)(2.009161e-01 7.690847e-01 2.999915e-02 2.432417e-52)(0.267325359 0.728106819 0.004567822 0.000000000)(0.784526100 0.193392450 0.016841676 0.005239774)(0.9664772717 0.0330558923 0.0004668361 0.0000000000)) ;
}
potential ( NR3C1 | variable1188 ) 
{
  data = ((0.04091247 0.94248220 0.01660533 0.00000000)(0.516480841 0.461826934 0.019707647 0.001984579)(0.503291197 0.431902067 0.058847967 0.005958768)(0.138210437 0.806288058 0.052924853 0.002576652)(0.4003793455 0.5796930531 0.0190911855 0.0008364158)(1.871697e-01 8.079815e-01 4.848793e-03 5.764713e-62)(6.450688e-01 3.306846e-01 2.424663e-02 6.145656e-26)(0.69537772 0.23089787 0.06062038 0.01310403)) ;
}
potential ( WDR17 | variable1188 ) 
{
  data = ((0.016334500 0.976819718 0.006845782 0.000000000)(0.50819018 0.47717194 0.01463788 0.00000000)(0.398511137 0.544100265 0.054490641 0.002897957)(0.09461265 0.86336100 0.04056311 0.00146323)(0.281502840 0.714060616 0.004436544 0.000000000)(0.190653786 0.802683403 0.006662812 0.000000000)(0.607078155 0.351070770 0.035619756 0.006231318)(0.934427304 0.060359860 0.005212836 0.000000000)) ;
}
potential ( BDP1 | variable1188 ) 
{
  data = ((1.390443e-37 9.981570e-01 1.842956e-03 0.000000e+00)(0.087741542 0.884268412 0.025433472 0.002556574)(0.116467047 0.840984016 0.040279620 0.002269318)( 5.643699e-03  9.427724e-01  5.158392e-02 2.933811e-108)(0.045722831 0.952748217 0.001528952 0.000000000)(0.006661311 0.989780402 0.003558287 0.000000000)(0.491483693 0.504635714 0.003880594 0.000000000)(0.61372869 0.37581712 0.01045418 0.00000000)) ;
}
potential ( NRD1 | variable1188 ) 
{
  data = ((0.004515273 0.993798468 0.001686259 0.000000000)(0.2855983215 0.7023914468 0.0112719320 0.0007382998)(0.202009422 0.726250396 0.066032540 0.005707642)(0.0549567367 0.9190865841 0.0255127447 0.0004439344)( 6.889240e-02  9.140501e-01  1.705751e-02 2.025141e-200)(0.091141978 0.907710691 0.001147331 0.000000000)(0.380315332 0.563554078 0.052668107 0.003462483)(0.55345291 0.37927733 0.05184690 0.01542286)) ;
}
potential ( GOLGA8B | variable1188 ) 
{
  data = ((0.000000000 0.998323205 0.001676795 0.000000000)(0.01637860 0.97200388 0.01161753 0.00000000)(0.032357358 0.890645456 0.067382979 0.009614207)(0.003294815 0.952709379 0.043995806 0.000000000)(0.002094979 0.987506395 0.010398626 0.000000000)(0.002973832 0.994294207 0.002731961 0.000000000)(0.16601349 0.80524854 0.02873797 0.00000000)(0.788196560 0.209197095 0.002606344 0.000000000)) ;
}
potential ( NRCAM | variable1188 ) 
{
  data = ((9.227982e-15 9.975057e-01 2.494284e-03 0.000000e+00)(1.745842e-01 8.254158e-01 2.961038e-25 0.000000e+00)(0.088730698 0.827182672 0.074447343 0.009639287)(0.01137210 0.94215614 0.04598374 0.00048802)(0.04114817 0.94704305 0.01180877 0.00000000)(0.016521167 0.981376484 0.002102349 0.000000000)(0.237121953 0.693310956 0.060247011 0.009320081)(0.8840165 0.1159835 0.0000000 0.0000000)) ;
}
potential ( NPIPA1 | variable1188 ) 
{
  data = ((0.0019967144 0.9975170249 0.0004862607 0.0000000000)(0.092881361 0.849413269 0.053850677 0.003854693)(0.115106175 0.816004951 0.065494933 0.003393941)(0.019389167 0.958714193 0.021415933 0.000480707)(5.653197e-02 9.434680e-01 1.641566e-27 0.000000e+00)(0.01261976 0.97070654 0.01667370 0.00000000)(3.408640e-01 6.171382e-01 4.199772e-02 5.464051e-18)(0.669840483 0.311805281 0.013112620 0.005241615)) ;
}
potential ( PI4KA | variable1188 ) 
{
  data = ((0.006933788 0.986121315 0.006944898 0.000000000)(0.3760793758 0.6039507885 0.0193951355 0.0005747002)(0.252794183 0.695016392 0.047006550 0.005182875)(0.039580115 0.884375614 0.074678366 0.001365905)( 1.447636e-01  8.439971e-01  1.123935e-02 8.319270e-179)(0.087267290 0.907084344 0.005648366 0.000000000)(0.649641505 0.339467227 0.009427950 0.001463318)(0.758081271 0.225352360 0.011163028 0.005403341)) ;
}
potential ( PPFIA2 | variable1188 ) 
{
  data = (( 4.778476e-03  9.790969e-01  1.612458e-02 6.072501e-127)(0.35589825 0.63982479 0.00427696 0.00000000)(0.31484744 0.64937673 0.03344228 0.00233355)(0.021795114 0.865048924 0.108960289 0.004195673)( 1.740313e-01  8.259687e-01 2.595780e-146  0.000000e+00)( 5.062122e-02  9.387182e-01  1.066054e-02 4.884983e-262)(0.58742985 0.39985093 0.01271922 0.00000000)(0.59553874 0.36512569 0.03933558 0.00000000)) ;
}
potential ( MAN1A2 | variable1188 ) 
{
  data = ((0.035896545 0.962810200 0.001293255 0.000000000)(0.207539938 0.753625674 0.036417133 0.002417256)(0.216709833 0.706467672 0.071336710 0.005485785)(0.09294705 0.87160271 0.03331797 0.00213227)(0.1067664626 0.8504185538 0.0420581875 0.0007567961)( 5.793053e-02  9.360174e-01  6.052101e-03 3.431992e-150)(0.645448458 0.332491892 0.020582998 0.001476653)(0.739568440 0.233416929 0.024393826 0.002620805)) ;
}
potential ( TMEM14A | variable1188 ) 
{
  data = ((0.115753889 0.879027863 0.005218248 0.000000000)(0.638547323 0.351091603 0.009334851 0.001026223)(0.30516393 0.51720312 0.15800630 0.01962664)(0.22656254 0.70939606 0.05807832 0.00596308)(0.169368775 0.761890744 0.065838296 0.002902185)( 4.098629e-01  5.892212e-01  9.159604e-04 1.555443e-269)(0.84884105 0.12316030 0.02643399 0.00156466)(0.910629319 0.053514806 0.030622496 0.005233379)) ;
}
potential ( ADGRB3 | variable1188 ) 
{
  data = ((0.001161191 0.989783561 0.009055248 0.000000000)(1.698880e-01 7.979234e-01 3.218866e-02 3.095532e-80)(0.15324131 0.74759293 0.08790127 0.01126449)(0.02677854 0.89005186 0.08036328 0.00280632)( 6.459370e-02  9.129613e-01  2.244504e-02 1.207602e-295)(0.0226192724 0.9668417048 0.0103266765 0.0002123462)(0.411907528 0.555817369 0.027608629 0.004666474)(0.788051269 0.206866803 0.005081928 0.000000000)) ;
}
potential ( YTHDC2 | variable1188 ) 
{
  data = ((0.0298994886 0.9678356395 0.0021274479 0.0001374239)(3.504403e-01 6.233592e-01 2.617620e-02 2.427497e-05)(0.292094994 0.608335475 0.089719553 0.009849977)(0.118685037 0.821295634 0.058999101 0.001020228)(1.382568e-01 8.408947e-01 2.084849e-02 1.965824e-86)(1.520835e-01 8.399898e-01 7.926746e-03 1.276869e-60)(0.639881296 0.315158023 0.035836319 0.009124362)(0.74237099 0.20723624 0.03467534 0.01571742)) ;
}
potential ( SRSF7 | variable1188 ) 
{
  data = ((0.026580485 0.970209538 0.003209977 0.000000000)(0.43982597 0.54936701 0.01080702 0.00000000)(0.189988303 0.738453660 0.066554794 0.005003243)(0.0570457785 0.8921049641 0.0499702708 0.0008789865)(0.06152147 0.90775660 0.03072193 0.00000000)(1.824267e-01 8.175201e-01 5.316431e-05 0.000000e+00)(0.52502943 0.45303476 0.02193581 0.00000000)(0.48826282 0.43623612 0.06239702 0.01310404)) ;
}
potential ( PDE4D | variable1188 ) 
{
  data = ((0.004039431 0.991656888 0.004303681 0.000000000)(0.165309497 0.792503466 0.039254203 0.002932833)(0.208635938 0.731475649 0.050418379 0.009470034)(0.027975090 0.924800949 0.046148179 0.001075782)(0.0820550768 0.9048055470 0.0126326838 0.0005066924)(3.403243e-02 9.612140e-01 4.753545e-03 2.864720e-89)(0.326734602 0.632533472 0.033341321 0.007390604)( 7.249156e-01  2.645422e-01  1.054225e-02 8.136734e-246)) ;
}
potential ( ROCK2 | variable1188 ) 
{
  data = ((0.006596157 0.987278868 0.006124976 0.000000000)( 3.200019e-01  6.593143e-01  2.068378e-02 5.958303e-210)(0.247692776 0.671370977 0.076128110 0.004808136)(0.0493411347 0.8897804382 0.0603910538 0.0004873734)( 1.600286e-01  8.280995e-01  1.187190e-02 9.617598e-234)(0.065464006 0.930095195 0.004440799 0.000000000)(0.641631948 0.345986469 0.009257979 0.003123604)(0.81628608 0.16535350 0.01836041 0.00000000)) ;
}
potential ( NAP1L1 | variable1188 ) 
{
  data = ((0.006302973 0.984692326 0.009004702 0.000000000)( 2.265896e-01  7.590463e-01  1.436407e-02 1.239072e-112)(0.13162229 0.73620745 0.11967385 0.01249641)(0.0489166865 0.8926702103 0.0579226720 0.0004904312)( 5.798013e-02  9.255513e-01  1.646861e-02 8.536878e-247)(0.064815995 0.932986997 0.002197008 0.000000000)(0.508506879 0.463260004 0.022558589 0.005674527)(0.651735766 0.289125433 0.055571575 0.003567226)) ;
}
potential ( TARBP1 | variable1188 ) 
{
  data = ((0.001047602 0.992978291 0.005974107 0.000000000)(9.302340e-02 8.920545e-01 1.492215e-02 1.179322e-98)(0.080054050 0.809324451 0.100639334 0.009982165)(0.008759977 0.911661311 0.078233394 0.001345318)(0.04841071 0.94147667 0.01011262 0.00000000)(0.006755825 0.985266657 0.007977519 0.000000000)(0.475492378 0.502876816 0.020276549 0.001354257)(0.730332546 0.266051846 0.003615608 0.000000000)) ;
}
potential ( TCERG1 | variable1188 ) 
{
  data = ((0.002185558 0.994342339 0.003472103 0.000000000)(0.14080146 0.82847966 0.02915784 0.00156103)(0.173857445 0.726975228 0.096613367 0.002553959)(0.0136459898 0.9140091334 0.0715272491 0.0008176277)(0.05709931 0.92560786 0.01729283 0.00000000)(0.026446265 0.964128988 0.009424747 0.000000000)(0.4632890160 0.5037332957 0.0322749869 0.0007027014)(0.689201818 0.289444890 0.018732537 0.002620754)) ;
}
potential ( WDR60 | variable1188 ) 
{
  data = ((0.002869711 0.991782287 0.005348002 0.000000000)(0.20589239 0.73261327 0.05554420 0.00595014)(0.275239739 0.664884466 0.055369680 0.004506115)(0.0499674491 0.8923941456 0.0568281781 0.0008102272)(0.09537964 0.88898989 0.01563047 0.00000000)(0.03575832 0.94591363 0.01832805 0.00000000)(0.39284804 0.55950494 0.03955886 0.00808816)(0.75247280 0.23665396 0.01087324 0.00000000)) ;
}
potential ( HERC1 | variable1188 ) 
{
  data = ((0.001077665 0.990324884 0.008597451 0.000000000)( 1.423155e-01  8.224639e-01  3.522063e-02 1.265230e-133)(0.146051689 0.768409931 0.079700034 0.005838345)(0.019950706 0.904324429 0.072616608 0.003108256)( 5.479947e-02  9.263606e-01  1.883990e-02 1.595323e-229)(0.008548413 0.973724893 0.017507091 0.000219603)(0.472398232 0.485479687 0.037390158 0.004731923)(0.542545590 0.413313313 0.036367934 0.007773163)) ;
}
potential ( TTC14 | variable1188 ) 
{
  data = ((0.002202497 0.988370211 0.009427292 0.000000000)(1.699584e-01 8.058592e-01 2.418236e-02 3.826122e-37)(0.13090712 0.73472135 0.11951214 0.01485939)(0.031567311 0.893855834 0.072373629 0.002203226)(0.0531425805 0.9152594291 0.0311411444 0.0004568459)( 2.980216e-02  9.654481e-01  4.749770e-03 9.837137e-294)(0.347508186 0.560719117 0.086259743 0.005512954)(0.50835235 0.39352545 0.08613951 0.01198269)) ;
}
potential ( GPM6A | variable1188 ) 
{
  data = ((0.000000000 0.994457607 0.005542393 0.000000000)(2.529568e-02 9.526302e-01 2.207415e-02 1.329149e-66)(0.002493493 0.704292239 0.260517979 0.032696289)(0.000000000 0.897799461 0.097143997 0.005056542)(0.003620090 0.924724102 0.070317056 0.001338752)( 2.534537e-03  9.968308e-01  6.346262e-04 1.111600e-225)(0.080742819 0.838638604 0.071387635 0.009230942)(0.735288826 0.262122292 0.002588882 0.000000000)) ;
}
potential ( CSTF3 | variable1188 ) 
{
  data = (( 1.621738e-02  9.670874e-01  1.669517e-02 1.891494e-197)( 4.246537e-01  5.414269e-01  3.391934e-02 2.362231e-135)(0.17329270 0.64852703 0.15904897 0.01913131)(0.045055821 0.767014614 0.181530062 0.006399503)( 1.295619e-01  8.254852e-01  4.495288e-02 1.021286e-165)(0.1517469222 0.8258337028 0.0220285476 0.0003908274)(0.614022908 0.332019368 0.047737312 0.006220412)(0.75808955 0.18860919 0.03492658 0.01837468)) ;
}
potential ( GRIA2 | variable1188 ) 
{
  data = ((0.00000000 0.96556687 0.03443313 0.00000000)(0.005761326 0.977773992 0.016464682 0.000000000)(0.002836277 0.798200538 0.188122923 0.010840262)(0.0000000000 0.8136543483 0.1853881662 0.0009574856)(0.00000000 0.95799882 0.04113728 0.00086390)(0.000000000 0.995442832 0.004557168 0.000000000)(0.05226507 0.90927606 0.03378065 0.00467821)(0.412335443 0.579721324 0.007943233 0.000000000)) ;
}
potential ( MEG3 | variable1188 ) 
{
  data = ((0.000000000 0.671049362 0.327829675 0.001120964)(0.0007015345 0.9759655235 0.0233329421 0.0000000000)(0.000000000 0.902539670 0.094568020 0.002892309)(0.0000000 0.6981306 0.2918019 0.0100675)( 0.000000e+00  9.459603e-01  5.403972e-02 1.061204e-140)(0.000000e+00 9.379785e-01 6.202154e-02 2.543691e-12)( 1.293437e-01  8.706563e-01 9.689113e-209  0.000000e+00)(0.3198852 0.6801148 0.0000000 0.0000000)) ;
}
potential ( HSP90AA2P | variable1483 ) 
{
  data = ((0.2795614 0.7204386 0.0000000 0.0000000)(0.6769168618 0.3225192109 0.0000000000 0.0005639273)(0.08841203 0.91158797 0.00000000 0.00000000)( 7.282754e-01  2.717246e-01  0.000000e+00 4.227777e-236)) ;
}
potential ( IGL | variable1188 ) 
{
  data = ((4.871558e-22 9.990006e-01 9.994232e-04 0.000000e+00)(0.0006530224 0.9673345682 0.0296147179 0.0023976915)(0.009734332 0.975497440 0.012707589 0.002060640)(0.0004969862 0.9892105242 0.0095861433 0.0007063463)( 1.504731e-63  9.991418e-01  8.582225e-04 3.060213e-160)(4.249158e-04 9.899349e-01 9.640227e-03 2.321382e-40)(3.973614e-02 9.473376e-01 1.292624e-02 4.049271e-93)(0.100464632 0.870763430 0.023530322 0.005241615)) ;
}
potential ( LOC100128906 | variable1483 ) 
{
  data = ((6.976207e-131  1.000000e+00  2.839388e-11  1.554564e-76)(0.0005639273 0.7900278504 0.2071525130 0.0022557093)(4.586751e-207  9.999997e-01  2.558471e-07  3.676879e-97)(7.636909e-31 9.996970e-01 3.030117e-04 1.249480e-26)) ;
}
potential ( ANKRD12 | variable1442 ) 
{
  data = ((0.342036036 0.597353259 0.051160679 0.009450025)(0.118250462 0.788329592 0.087994034 0.005425913)(5.030501e-02 9.424852e-01 7.209746e-03 1.423996e-13)(0.061167439 0.904270047 0.033441766 0.001120748)(0.0128028014 0.9870036479 0.0001935506 0.0000000000)) ;
}
potential ( SFXN1 | variable1442 ) 
{
  data = ((0.67476593 0.27553130 0.03527016 0.01443261)(0.462780577 0.490977626 0.040396801 0.005844996)(0.2777329400 0.7152791887 0.0066600298 0.0003278415)(0.190914771 0.759930522 0.047498721 0.001655986)(0.072674554 0.923976749 0.003348697 0.000000000)) ;
}
potential ( RBM26 | variable1442 ) 
{
  data = ((0.425135975 0.528434037 0.039005527 0.007424461)(0.276573819 0.687396764 0.033877265 0.002152151)(0.082164984 0.914868838 0.002966178 0.000000000)(0.0302087846 0.9313671790 0.0375758796 0.0008481567)(0.001879422 0.995444169 0.002676408 0.000000000)) ;
}
potential ( ZMYND8 | variable1442 ) 
{
  data = ((0.539998635 0.418083554 0.039189862 0.002727949)(0.297235223 0.651181170 0.046838471 0.004745136)( 1.252505e-01  8.703315e-01  4.417976e-03 1.504859e-121)(0.1091116231 0.8623546422 0.0280811409 0.0004525939)(0.034757057 0.963188423 0.002054519 0.000000000)) ;
}
potential ( SUGP2 | variable1442 ) 
{
  data = ((0.493456985 0.476524402 0.026661217 0.003357395)( 1.425036e-01  8.257055e-01  3.179094e-02 1.340079e-173)(0.036824729 0.955394924 0.007546422 0.000233926)( 4.023175e-02  9.332220e-01  2.654623e-02 4.059737e-320)(0.0022439523 0.9975121335 0.0002439142 0.0000000000)) ;
}
potential ( WHSC1L1 | variable1442 ) 
{
  data = ((0.476532331 0.496934755 0.024294748 0.002238166)(0.1496898400 0.8135704495 0.0362245159 0.0005151947)(0.0371918859 0.9604860875 0.0020942493 0.0002277773)( 3.861552e-02  9.324048e-01  2.897964e-02 2.072583e-178)(0.003066618 0.996432201 0.000501181 0.000000000)) ;
}
potential ( PNN | variable1442 ) 
{
  data = ((0.44085691 0.49375312 0.05602584 0.00936413)(0.219867077 0.733012184 0.044436552 0.002684186)(0.093875976 0.904284630 0.001839394 0.000000000)(0.051072514 0.916694744 0.030892035 0.001340708)(0.0146609663 0.9844121414 0.0009268923 0.0000000000)) ;
}
potential ( CCDC88A | variable1442 ) 
{
  data = ((0.168012032 0.755052403 0.072458360 0.004477205)(0.063915970 0.876553310 0.058527175 0.001003545)(1.396285e-02 9.832473e-01 2.789850e-03 2.811374e-54)(0.029149142 0.962666042 0.008184815 0.000000000)(0.0011758271 0.9980843836 0.0007397893 0.0000000000)) ;
}
potential ( MYCBP2 | variable1442 ) 
{
  data = ((0.39824721 0.58384094 0.01791185 0.00000000)(0.046094282 0.903036042 0.046854100 0.004015577)( 6.223202e-03  9.875244e-01  6.252431e-03 6.184063e-230)(0.005241327 0.962287360 0.032471313 0.000000000)(0.0001367198 0.9993308707 0.0005324096 0.0000000000)) ;
}
potential ( KMT2A | variable1442 ) 
{
  data = ((0.431434244 0.538234815 0.027017857 0.003313085)(0.078151871 0.857653510 0.060159202 0.004035417)( 1.535102e-02  9.776757e-01  6.973325e-03 2.418107e-216)(0.02800647 0.95271221 0.01928132 0.00000000)(0.0018277292 0.9978626963 0.0003095745 0.0000000000)) ;
}
potential ( KMT2E | variable1442 ) 
{
  data = ((0.312927670 0.628335273 0.054253899 0.004483158)(0.102582703 0.834992210 0.057239072 0.005186016)(0.026942851 0.967598790 0.005135624 0.000322735)(0.0194068546 0.9409072472 0.0391624083 0.0005234899)(0.0030532443 0.9966967258 0.0002500299 0.0000000000)) ;
}
potential ( RSRP1 | variable1442 ) 
{
  data = ((0.371077710 0.594444483 0.029997261 0.004480546)(0.200700193 0.775966232 0.021580664 0.001752912)(0.0489777679 0.9505164524 0.0005057797 0.0000000000)(0.024103187 0.914608279 0.060266521 0.001022013)(0.0004997788 0.9913677010 0.0081325202 0.0000000000)) ;
}
potential ( RPL10 | variable1442 ) 
{
  data = ((0.55538059 0.34128944 0.08952747 0.01380250)(0.404749059 0.541483268 0.049504391 0.004263283)(0.2662528905 0.7204295550 0.0130048449 0.0003127096)(0.1540886555 0.7861206598 0.0593146360 0.0004760488)(0.1172484878 0.8801989467 0.0024465239 0.0001060416)) ;
}
potential ( MRPS21 | variable1442 ) 
{
  data = ((0.67479223 0.25570164 0.05659766 0.01290847)(0.461711084 0.477263507 0.053903275 0.007122134)(3.145678e-01 6.737995e-01 1.163271e-02 1.394858e-31)(0.188381353 0.743988684 0.064660212 0.002969752)(0.091014414 0.906787704 0.002197883 0.000000000)) ;
}
potential ( CHD9 | variable1442 ) 
{
  data = ((0.276152572 0.625066881 0.089957299 0.008823248)(0.112515743 0.817198436 0.067179002 0.003106818)(0.03948937 0.95452381 0.00598682 0.00000000)(0.0322146780 0.9392623021 0.0277368356 0.0007861843)(0.0030627315 0.9965843888 0.0003528796 0.0000000000)) ;
}
potential ( HMGN3 | variable1442 ) 
{
  data = ((0.372277612 0.567753600 0.052538230 0.007430559)(0.191822621 0.752053681 0.052003560 0.004120138)(0.084944660 0.912546486 0.002508854 0.000000000)(0.0215963194 0.9219937434 0.0559397784 0.0004701588)(0.004934057 0.993377906 0.001688037 0.000000000)) ;
}
potential ( PTPRD | variable1442 ) 
{
  data = ((0.429441360 0.509211620 0.055700498 0.005646522)(0.234003084 0.721530667 0.041461492 0.003004756)(8.079548e-02 9.099309e-01 9.273633e-03 2.325950e-45)(0.0475217141 0.9036048186 0.0480701579 0.0008033094)(0.0009927768 0.9964419418 0.0025652815 0.0000000000)) ;
}
potential ( SREK1 | variable1442 ) 
{
  data = ((0.48638713 0.42262338 0.07351387 0.01747562)(0.264174109 0.669861305 0.057591189 0.008373397)(1.202892e-01 8.698145e-01 9.896223e-03 6.333185e-86)(0.119873025 0.831652508 0.046963348 0.001511119)(0.025039772 0.972078552 0.002881675 0.000000000)) ;
}
potential ( PPIP5K2 | variable1442 ) 
{
  data = ((0.63568728 0.33000092 0.02653617 0.00777563)(0.308330478 0.636622056 0.047529376 0.007518091)(1.603755e-01 8.216844e-01 1.794015e-02 8.774758e-42)(0.094343620 0.824789747 0.076346897 0.004519737)( 2.738559e-02  9.697890e-01  2.825438e-03 1.680881e-117)) ;
}
potential ( TNRC6B | variable1442 ) 
{
  data = ((0.333922864 0.611952032 0.049903956 0.004221148)(0.067953535 0.876699529 0.051218901 0.004128036)( 1.339678e-02  9.727643e-01  1.383888e-02 1.269564e-250)(0.015533015 0.948101444 0.035139473 0.001226068)(0.001410831 0.996196699 0.002392470 0.000000000)) ;
}
potential ( PCDH9 | variable677 ) 
{
