net 
{
    node_size = (76 36);
}

node clustVar
{
    label = "clustVar";
    position = (7436 501);
    states = ("state0"  "state1"  "state2"  "state3"  "state4" 
     "state5"  "state6"  "state7"  "state8");
}

node x3324
{
    label = "x3324";
    position = (134 -18);
    states = ("x0"  "low"  "medium"  "high");
}

node x26038
{
    label = "x26038";
    position = (288 -18);
    states = ("x0"  "low"  "medium"  "high");
}

node x9456
{
    label = "x9456";
    position = (442 -18);
    states = ("x0"  "low"  "medium"  "high");
}

node x334
{
    label = "x334";
    position = (596 -18);
    states = ("x0"  "low"  "medium"  "high");
}

node x6138
{
    label = "x6138";
    position = (750 -18);
    states = ("x0"  "low"  "medium"  "high");
}

node x23253
{
    label = "x23253";
    position = (904 -18);
    states = ("x0"  "low"  "medium"  "high");
}

node x94081
{
    label = "x94081";
    position = (1058 -18);
    states = ("x0"  "low"  "medium"  "high");
}

node x54843
{
    label = "x54843";
    position = (1212 -18);
    states = ("x0"  "low"  "medium"  "high");
}

node x3274
{
    label = "x3274";
    position = (1366 -18);
    states = ("x0"  "low"  "medium"  "high");
}

node x221692
{
    label = "x221692";
    position = (1520 -18);
    states = ("x0"  "low"  "medium"  "high");
}

node x6000
{
    label = "x6000";
    position = (1674 -18);
    states = ("x0"  "low"  "medium"  "high");
}

node x254531
{
    label = "x254531";
    position = (1828 -18);
    states = ("x0"  "low"  "medium"  "high");
}

node x2908
{
    label = "x2908";
    position = (1982 -18);
    states = ("x0"  "low"  "medium"  "high");
}

node x100130155
{
    label = "x100130155";
    position = (2136 -18);
    states = ("x0"  "low"  "medium"  "high");
}

node x114088
{
    label = "x114088";
    position = (2290 -18);
    states = ("x0"  "low"  "medium"  "high");
}

node x23230
{
    label = "x23230";
    position = (2444 -18);
    states = ("x0"  "low"  "medium"  "high");
}

node x116966
{
    label = "x116966";
    position = (2598 -18);
    states = ("x0"  "low"  "medium"  "high");
}

node x64062
{
    label = "x64062";
    position = (2752 -18);
    states = ("x0"  "low"  "medium"  "high");
}

node x9645
{
    label = "x9645";
    position = (2906 -18);
    states = ("x0"  "low"  "medium"  "high");
}

node x6262
{
    label = "x6262";
    position = (3060 -18);
    states = ("x0"  "low"  "medium"  "high");
}

node x55814
{
    label = "x55814";
    position = (3214 -18);
    states = ("x0"  "low"  "medium"  "high");
}

node x23613
{
    label = "x23613";
    position = (3368 -18);
    states = ("x0"  "low"  "medium"  "high");
}

node x10147
{
    label = "x10147";
    position = (3522 -18);
    states = ("x0"  "low"  "medium"  "high");
}

node x54904
{
    label = "x54904";
    position = (3676 -18);
    states = ("x0"  "low"  "medium"  "high");
}

node x4898
{
    label = "x4898";
    position = (3830 -18);
    states = ("x0"  "low"  "medium"  "high");
}

node x5411
{
    label = "x5411";
    position = (3984 -18);
    states = ("x0"  "low"  "medium"  "high");
}

node x55704
{
    label = "x55704";
    position = (4138 -18);
    states = ("x0"  "low"  "medium"  "high");
}

node x440270
{
    label = "x440270";
    position = (4292 -18);
    states = ("x0"  "low"  "medium"  "high");
}

node x4897
{
    label = "x4897";
    position = (4446 -18);
    states = ("x0"  "low"  "medium"  "high");
}

node x23077
{
    label = "x23077";
    position = (4600 -18);
    states = ("x0"  "low"  "medium"  "high");
}

node x3535
{
    label = "x3535";
    position = (4754 -18);
    states = ("x0"  "low"  "medium"  "high");
}

node x9284
{
    label = "x9284";
    position = (4908 -18);
    states = ("x0"  "low"  "medium"  "high");
}

node x5310
{
    label = "x5310";
    position = (5062 -18);
    states = ("x0"  "low"  "medium"  "high");
}

node x4297
{
    label = "x4297";
    position = (5216 -18);
    states = ("x0"  "low"  "medium"  "high");
}

node x5297
{
    label = "x5297";
    position = (5370 -18);
    states = ("x0"  "low"  "medium"  "high");
}

node x8499
{
    label = "x8499";
    position = (5524 -18);
    states = ("x0"  "low"  "medium"  "high");
}

node x55904
{
    label = "x55904";
    position = (5678 -18);
    states = ("x0"  "low"  "medium"  "high");
}

node x57035
{
    label = "x57035";
    position = (5832 -18);
    states = ("x0"  "low"  "medium"  "high");
}

node x10905
{
    label = "x10905";
    position = (5986 -18);
    states = ("x0"  "low"  "medium"  "high");
}

node x28978
{
    label = "x28978";
    position = (6140 -18);
    states = ("x0"  "low"  "medium"  "high");
}

node x6134
{
    label = "x6134";
    position = (6294 -18);
    states = ("x0"  "low"  "medium"  "high");
}

node x54460
{
    label = "x54460";
    position = (6448 -18);
    states = ("x0"  "low"  "medium"  "high");
}

node x80205
{
    label = "x80205";
    position = (6602 -18);
    states = ("x0"  "low"  "medium"  "high");
}

node x56853
{
    label = "x56853";
    position = (6756 -18);
    states = ("x0"  "low"  "medium"  "high");
}

node x577
{
    label = "x577";
    position = (6910 -18);
    states = ("x0"  "low"  "medium"  "high");
}

node x9324
{
    label = "x9324";
    position = (7064 -18);
    states = ("x0"  "low"  "medium"  "high");
}

node x5789
{
    label = "x5789";
    position = (7218 -18);
    states = ("x0"  "low"  "medium"  "high");
}

node x54212
{
    label = "x54212";
    position = (7372 -18);
    states = ("x0"  "low"  "medium"  "high");
}

node x4331
{
    label = "x4331";
    position = (7526 -18);
    states = ("x0"  "low"  "medium"  "high");
}

node x64848
{
    label = "x64848";
    position = (7680 -18);
    states = ("x0"  "low"  "medium"  "high");
}

node x6432
{
    label = "x6432";
    position = (7834 -18);
    states = ("x0"  "low"  "medium"  "high");
}

node x5144
{
    label = "x5144";
    position = (7988 -18);
    states = ("x0"  "low"  "medium"  "high");
}

node x140890
{
    label = "x140890";
    position = (8142 -18);
    states = ("x0"  "low"  "medium"  "high");
}

node x23262
{
    label = "x23262";
    position = (8296 -18);
    states = ("x0"  "low"  "medium"  "high");
}

node x9475
{
    label = "x9475";
    position = (8450 -18);
    states = ("x0"  "low"  "medium"  "high");
}

node x8997
{
    label = "x8997";
    position = (8604 -18);
    states = ("x0"  "low"  "medium"  "high");
}

node x55082
{
    label = "x55082";
    position = (8758 -18);
    states = ("x0"  "low"  "medium"  "high");
}

node x9699
{
    label = "x9699";
    position = (8912 -18);
    states = ("x0"  "low"  "medium"  "high");
}

node x10439
{
    label = "x10439";
    position = (9066 -18);
    states = ("x0"  "low"  "medium"  "high");
}

node x9987
{
    label = "x9987";
    position = (9220 -18);
    states = ("x0"  "low"  "medium"  "high");
}

node x4673
{
    label = "x4673";
    position = (9374 -18);
    states = ("x0"  "low"  "medium"  "high");
}

node x23112
{
    label = "x23112";
    position = (9528 -18);
    states = ("x0"  "low"  "medium"  "high");
}

node x57468
{
    label = "x57468";
    position = (9682 -18);
    states = ("x0"  "low"  "medium"  "high");
}

node x9515
{
    label = "x9515";
    position = (9836 -18);
    states = ("x0"  "low"  "medium"  "high");
}

node x3778
{
    label = "x3778";
    position = (9990 -18);
    states = ("x0"  "low"  "medium"  "high");
}

node x55294
{
    label = "x55294";
    position = (10144 -18);
    states = ("x0"  "low"  "medium"  "high");
}

node x23518
{
    label = "x23518";
    position = (10298 -18);
    states = ("x0"  "low"  "medium"  "high");
}

node x5101
{
    label = "x5101";
    position = (10452 -18);
    states = ("x0"  "low"  "medium"  "high");
}

node x6894
{
    label = "x6894";
    position = (10606 -18);
    states = ("x0"  "low"  "medium"  "high");
}

node x285175
{
    label = "x285175";
    position = (10760 -18);
    states = ("x0"  "low"  "medium"  "high");
}

node x286411
{
    label = "x286411";
    position = (10914 -18);
    states = ("x0"  "low"  "medium"  "high");
}

node x54715
{
    label = "x54715";
    position = (11068 -18);
    states = ("x0"  "low"  "medium"  "high");
}

node x10915
{
    label = "x10915";
    position = (11222 -18);
    states = ("x0"  "low"  "medium"  "high");
}

node x58517
{
    label = "x58517";
    position = (11376 -18);
    states = ("x0"  "low"  "medium"  "high");
}

node x55112
{
    label = "x55112";
    position = (11530 -18);
    states = ("x0"  "low"  "medium"  "high");
}

node x1655
{
    label = "x1655";
    position = (11684 -18);
    states = ("x0"  "low"  "medium"  "high");
}

node x8925
{
    label = "x8925";
    position = (11838 -18);
    states = ("x0"  "low"  "medium"  "high");
}

node x780813
{
    label = "x780813";
    position = (11992 -18);
    states = ("x0"  "low"  "medium"  "high");
}

node x347746
{
    label = "x347746";
    position = (12146 -18);
    states = ("x0"  "low"  "medium"  "high");
}

node x54737
{
    label = "x54737";
    position = (12300 -18);
    states = ("x0"  "low"  "medium"  "high");
}

node x9295
{
    label = "x9295";
    position = (12454 -18);
    states = ("x0"  "low"  "medium"  "high");
}

node x7345
{
    label = "x7345";
    position = (12608 -18);
    states = ("x0"  "low"  "medium"  "high");
}

node x151613
{
    label = "x151613";
    position = (12762 -18);
    states = ("x0"  "low"  "medium"  "high");
}

node x100128906
{
    label = "x100128906";
    position = (12916 -18);
    states = ("x0"  "low"  "medium"  "high");
}

node x490
{
    label = "x490";
    position = (13070 -18);
    states = ("x0"  "low"  "medium"  "high");
}

node x9406
{
    label = "x9406";
    position = (13224 -18);
    states = ("x0"  "low"  "medium"  "high");
}

node x4133
{
    label = "x4133";
    position = (13378 -18);
    states = ("x0"  "low"  "medium"  "high");
}

node x2823
{
    label = "x2823";
    position = (13532 -18);
    states = ("x0"  "low"  "medium"  "high");
}

node x9611
{
    label = "x9611";
    position = (13686 -18);
    states = ("x0"  "low"  "medium"  "high");
}

node x6430
{
    label = "x6430";
    position = (13840 -18);
    states = ("x0"  "low"  "medium"  "high");
}

node x1759
{
    label = "x1759";
    position = (13994 -18);
    states = ("x0"  "low"  "medium"  "high");
}

node x7267
{
    label = "x7267";
    position = (14148 -18);
    states = ("x0"  "low"  "medium"  "high");
}

node x1479
{
    label = "x1479";
    position = (14302 -18);
    states = ("x0"  "low"  "medium"  "high");
}

node x2891
{
    label = "x2891";
    position = (14456 -18);
    states = ("x0"  "low"  "medium"  "high");
}

node x10777
{
    label = "x10777";
    position = (14610 -18);
    states = ("x0"  "low"  "medium"  "high");
}

node x51747
{
    label = "x51747";
    position = (14764 -18);
    states = ("x0"  "low"  "medium"  "high");
}

node x25957
{
    label = "x25957";
    position = (14918 -18);
    states = ("x0"  "low"  "medium"  "high");
}

node x378938
{
    label = "x378938";
    position = (15072 -18);
    states = ("x0"  "low"  "medium"  "high");
}

node x55384
{
    label = "x55384";
    position = (15226 -18);
    states = ("x0"  "low"  "medium"  "high");
}

node x440823
{
    label = "x440823";
    position = (15380 -18);
    states = ("x0"  "low"  "medium"  "high");
}

potential (clustVar |)
{
    data = (0.13966741 0.03609146 0.14785744 0.02341782 0.35326027 
        0.02404725 0.14777363 0.05511776 0.07276696);
}

potential (x3324 | clustVar)
{
    data = ((0.30603730 0.69306539 0.00044866 0.00044866)
        (0.68435477 0.31218616 0.00172954 0.00172954)
        (0.31309637 0.68605595 0.00042384 0.00042384)
        (0.55028395 0.44439986 0.00265809 0.00265809)
        (0.42433506 0.57530988 0.00017753 0.00017753)
        (0.44103501 0.55122775 0.00258906 0.00514817)
        (0.64528277 0.35386908 0.00042408 0.00042408)
        (0.16519506 0.83253565 0.00113454 0.00113474)
        (0.62668421 0.37158586 0.00086008 0.00086985));
}

potential (x26038 | clustVar)
{
    data = ((0.03971291 0.95413197 0.00555065 0.00060447)
        (0.94761367 0.04709026 0.00353123 0.00176483)
        (0.01948595 0.96661309 0.01344344 0.00045752)
        (0.93940890 0.05527492 0.00265809 0.00265809)
        (0.00342273 0.99490075 0.00149898 0.00017754)
        (0.07664883 0.80278811 0.11027636 0.01028670)
        (0.00954751 0.96727869 0.02192377 0.00125003)
        (0.12469592 0.84834474 0.02578174 0.00117760)
        (0.10655263 0.80313666 0.07689868 0.01341203));
}

potential (x9456 | clustVar)
{
    data = ((0.50775044 0.48675493 0.00503203 0.00046260)
        (0.86972607 0.10958115 0.01724261 0.00345017)
        (0.18149458 0.72319708 0.08748813 0.00782021)
        (0.92731893 0.06733052 0.00267876 0.00267178)
        (0.04874792 0.92290759 0.02785972 0.00048476)
        (0.22978734 0.56641581 0.17023457 0.03356228)
        (0.24185732 0.73894808 0.01842303 0.00077157)
        (0.62173179 0.35169267 0.02430051 0.00227502)
        (0.65079394 0.33300030 0.01190580 0.00429996));
}

potential (x334 | clustVar)
{
    data = ((0.05067176 0.84821638 0.09415564 0.00695622)
        (0.65089870 0.31665651 0.02907117 0.00337362)
        (0.12874251 0.84462684 0.02535255 0.00127811)
        (0.74784998 0.21692275 0.02712164 0.00810563)
        (0.05766018 0.93998714 0.00217509 0.00017760)
        (0.26897258 0.68973883 0.03609543 0.00519317)
        (0.20761326 0.79041481 0.00154745 0.00042447)
        (0.08401015 0.65391767 0.21882733 0.04324485)
        (0.32021969 0.66348525 0.01512865 0.00116641));
}

potential (x6138 | clustVar)
{
    data = ((0.19269207 0.77092109 0.03574114 0.00064569)
        (0.64737411 0.32516217 0.02055657 0.00690716)
        (0.13901249 0.80355294 0.05561002 0.00182455)
        (0.62046400 0.33093882 0.04592220 0.00267498)
        (0.09591506 0.90097328 0.00277240 0.00033926)
        (0.28461064 0.61843421 0.08699979 0.00995535)
        (0.28827180 0.70572447 0.00557803 0.00042570)
        (0.18877432 0.64698427 0.14452622 0.01971519)
        (0.43729291 0.54350375 0.01824113 0.00096221));
}

potential (x23253 | clustVar)
{
    data = ((0.02381143 0.95469661 0.01994134 0.00155061)
        (0.31106061 0.64393991 0.03414426 0.01085522)
        (0.05890035 0.92503297 0.01564284 0.00042384)
        (0.32295191 0.57595524 0.08853961 0.01255324)
        (0.01231795 0.98707333 0.00043120 0.00017753)
        (0.17173047 0.73792353 0.08516419 0.00518181)
        (0.06409971 0.93371006 0.00176615 0.00042408)
        (0.07358610 0.75109142 0.16451706 0.01080542)
        (0.12976956 0.84690631 0.02158731 0.00173682));
}

potential (x94081 | clustVar)
{
    data = ((0.26572247 0.71805133 0.01535092 0.00087529)
        (0.58246688 0.36174479 0.04375944 0.01202889)
        (0.18179669 0.78183428 0.03523369 0.00113534)
        (0.73752034 0.21758073 0.02617238 0.01872655)
        (0.07166473 0.92446303 0.00369467 0.00017757)
        (0.32316871 0.59172927 0.07531818 0.00978385)
        (0.24046998 0.75500130 0.00385084 0.00067788)
        (0.39719702 0.53980741 0.05183268 0.01116289)
        (0.48759936 0.48316583 0.02566245 0.00357236));
}

potential (x54843 | clustVar)
{
    data = ((0.65042247 0.34681783 0.00229096 0.00046874)
        (0.79012999 0.18893395 0.01576185 0.00517421)
        (0.13216721 0.80875301 0.05772782 0.00135196)
        (0.78567419 0.17446467 0.02920664 0.01065450)
        (0.05987114 0.93260299 0.00734834 0.00017753)
        (0.19254892 0.65624817 0.12787975 0.02332316)
        (0.16053521 0.83082067 0.00821169 0.00043243)
        (0.77715339 0.20909989 0.01242120 0.00132552)
        (0.70170513 0.28706098 0.00816425 0.00306964));
}

potential (x3274 | clustVar)
{
    data = ((0.41034755 0.57913847 0.01006514 0.00044884)
        (0.96520238 0.02915908 0.00390901 0.00172954)
        (0.05147917 0.88814052 0.05931046 0.00106986)
        (0.93769371 0.05429552 0.00535268 0.00265809)
        (0.01913328 0.97432378 0.00636541 0.00017753)
        (0.19044439 0.65416914 0.14122108 0.01416539)
        (0.15659805 0.83208875 0.01088912 0.00042408)
        (0.34924521 0.60612896 0.04121938 0.00340645)
        (0.48908594 0.49203817 0.01801442 0.00086147));
}

potential (x221692 | clustVar)
{
    data = ((0.41079362 0.58541336 0.00289433 0.00089869)
        (0.66410913 0.31435818 0.01980315 0.00172954)
        (0.18442525 0.76441952 0.04941696 0.00173827)
        (0.78024849 0.19715669 0.01993673 0.00265809)
        (0.03353855 0.95685114 0.00943222 0.00017810)
        (0.26439598 0.59670562 0.11838242 0.02051598)
        (0.20452348 0.78134232 0.01370584 0.00042835)
        (0.52240056 0.42765950 0.03979444 0.01014550)
        (0.49107643 0.48933941 0.01699026 0.00259390));
}

potential (x6000 | clustVar)
{
    data = ((0.22822513 0.74380930 0.02740648 0.00055909)
        (0.79261485 0.18827901 0.01218802 0.00691813)
        (0.13572305 0.82105555 0.04264743 0.00057397)
        (0.95789130 0.03416374 0.00528683 0.00265812)
        (0.04915848 0.94842893 0.00223506 0.00017753)
        (0.35057892 0.55823518 0.08175710 0.00942880)
        (0.27269116 0.72171083 0.00517394 0.00042408)
        (0.35012419 0.55200135 0.08445979 0.01341467)
        (0.55517717 0.42557637 0.01758308 0.00166339));
}

potential (x254531 | clustVar)
{
    data = ((0.13998848 0.83506535 0.02406368 0.00088248)
        (0.85802852 0.13179184 0.00672057 0.00345907)
        (0.11822424 0.86003926 0.02088141 0.00085510)
        (0.93868296 0.05028735 0.00837159 0.00265809)
        (0.02888325 0.96947039 0.00129533 0.00035102)
        (0.23587247 0.67770395 0.08123527 0.00518831)
        (0.08441766 0.90794901 0.00720869 0.00042464)
        (0.31412461 0.62906317 0.05338618 0.00342605)
        (0.38536839 0.59885039 0.01490976 0.00087147));
}

potential (x2908 | clustVar)
{
    data = ((0.40238335 0.58103194 0.01498569 0.00159902)
        (0.63808441 0.33252649 0.02593547 0.00345363)
        (0.14138213 0.80713814 0.04933892 0.00214081)
        (0.68871522 0.23678149 0.06120447 0.01329882)
        (0.04091948 0.94333345 0.01556955 0.00017753)
        (0.27692688 0.62045430 0.08958837 0.01303045)
        (0.20036227 0.79336790 0.00571618 0.00055365)
        (0.53099775 0.41570592 0.04857855 0.00471778)
        (0.54836033 0.42716729 0.02198831 0.00248407));
}

potential (x100130155 | clustVar)
{
    data = ((0.08342956 0.90966906 0.00642306 0.00047831)
        (0.74478796 0.24991583 0.00173269 0.00356353)
        (0.00820864 0.95077292 0.04017113 0.00084731)
        (0.93202206 0.06266173 0.00265809 0.00265812)
        (0.00061422 0.99652421 0.00268405 0.00017753)
        (0.04474558 0.81549647 0.12927075 0.01048720)
        (0.00913728 0.98451296 0.00592565 0.00042411)
        (0.18693312 0.77501230 0.03283971 0.00521488)
        (0.23769063 0.75528925 0.00596461 0.00105551));
}

potential (x114088 | clustVar)
{
    data = ((0.12985584 0.86701167 0.00268383 0.00044866)
        (0.31518369 0.66224589 0.02084088 0.00172954)
        (0.00127767 0.97207560 0.02579961 0.00084711)
        (0.75656100 0.23544086 0.00534006 0.00265809)
        (0.00108014 0.99786622 0.00087611 0.00017753)
        (0.00879359 0.83353324 0.14479408 0.01287908)
        (0.00143113 0.99609572 0.00204903 0.00042412)
        (0.23741140 0.74153503 0.01988865 0.00116492)
        (0.13294910 0.85856618 0.00762464 0.00086008));
}

potential (x23230 | clustVar)
{
    data = ((0.26214179 0.73493088 0.00247868 0.00044866)
        (0.64390498 0.32952402 0.02311195 0.00345905)
        (0.08084875 0.88913401 0.02835897 0.00165827)
        (0.88612029 0.10089080 0.01033078 0.00265813)
        (0.00551628 0.98828559 0.00602060 0.00017753)
        (0.14874842 0.74999495 0.08924383 0.01201280)
        (0.08664202 0.90954132 0.00339259 0.00042408)
        (0.43106913 0.54885753 0.01616502 0.00390832)
        (0.46230305 0.51990448 0.01606994 0.00172252));
}

potential (x116966 | clustVar)
{
    data = ((0.28822648 0.70651591 0.00480895 0.00044866)
        (0.60234626 0.35630931 0.03615522 0.00518922)
        (0.11110544 0.85931362 0.02864701 0.00093393)
        (0.91853500 0.07081660 0.00799029 0.00265811)
        (0.01665459 0.97633176 0.00683612 0.00017753)
        (0.19456614 0.67706319 0.11336749 0.01500318)
        (0.20441808 0.78650815 0.00864970 0.00042408)
        (0.43931057 0.51621755 0.04108278 0.00338910)
        (0.53272685 0.45016350 0.01623749 0.00087216));
}

potential (x64062 | clustVar)
{
    data = ((0.10442753 0.89213659 0.00298722 0.00044866)
        (0.38592520 0.58086947 0.02801533 0.00519001)
        (0.02452343 0.94578121 0.02921564 0.00047972)
        (0.42695917 0.50363019 0.05612160 0.01328904)
        (0.00245914 0.99477538 0.00258795 0.00017753)
        (0.07666084 0.79538604 0.11017499 0.01777813)
        (0.04899290 0.94668253 0.00390050 0.00042408)
        (0.22127217 0.73911310 0.03734426 0.00227047)
        (0.29981981 0.68138442 0.01793570 0.00086008));
}

potential (x9645 | clustVar)
{
    data = ((0.29235805 0.70250790 0.00468539 0.00044866)
        (0.94086852 0.05565711 0.00174483 0.00172954)
        (0.05320300 0.91708965 0.02885983 0.00084752)
        (0.92837240 0.06365332 0.00265809 0.00531618)
        (0.01470728 0.98066425 0.00445091 0.00017756)
        (0.15215853 0.71537192 0.11693559 0.01553396)
        (0.08566223 0.89995373 0.01395996 0.00042408)
        (0.53957497 0.43107213 0.02709557 0.00225733)
        (0.54217415 0.43939537 0.01670113 0.00172935));
}

potential (x6262 | clustVar)
{
    data = ((0.22695862 0.76469708 0.00789563 0.00044867)
        (0.91821403 0.07705245 0.00300298 0.00173054)
        (0.03835149 0.92906529 0.03215886 0.00042436)
        (0.83955978 0.15176469 0.00601745 0.00265809)
        (0.00241215 0.99060199 0.00680834 0.00017753)
        (0.07080583 0.82798395 0.08622068 0.01498954)
        (0.03335360 0.95708320 0.00913912 0.00042408)
        (0.47624519 0.50296761 0.01614521 0.00464200)
        (0.35395928 0.62263903 0.01986071 0.00354098));
}

potential (x55814 | clustVar)
{
    data = ((0.04713662 0.94981814 0.00259124 0.00045400)
        (0.49204858 0.50103229 0.00518959 0.00172954)
        (0.00875605 0.95775125 0.03306885 0.00042385)
        (0.62166750 0.36238534 0.01328907 0.00265809)
        (0.00033513 0.99753431 0.00195303 0.00017753)
        (0.04776523 0.78967294 0.14706943 0.01549240)
        (0.00966958 0.98433718 0.00556916 0.00042408)
        (0.12349333 0.85091177 0.02445038 0.00114451)
        (0.11259925 0.86184937 0.02383514 0.00171624));
}

potential (x23613 | clustVar)
{
    data = ((0.16679185 0.83008938 0.00265506 0.00046372)
        (0.45063857 0.49239456 0.05523707 0.00172980)
        (0.07823448 0.89689186 0.02365905 0.00121462)
        (0.59439851 0.36835013 0.02927709 0.00797427)
        (0.03590916 0.96224016 0.00167315 0.00017753)
        (0.20337500 0.70930497 0.07937678 0.00794325)
        (0.07674218 0.91468239 0.00814984 0.00042560)
        (0.30040630 0.65036151 0.04355127 0.00568092)
        (0.29148987 0.67441405 0.03063712 0.00345896));
}

potential (x10147 | clustVar)
{
    data = ((0.05542488 0.93527478 0.00841296 0.00088739)
        (0.39249427 0.57232786 0.02999535 0.00518252)
        (0.03402698 0.94339454 0.02215464 0.00042384)
        (0.57109202 0.39611142 0.02747101 0.00532555)
        (0.00240102 0.99700854 0.00041291 0.00017753)
        (0.04025001 0.89216720 0.06499372 0.00258906)
        (0.01585680 0.97668811 0.00703101 0.00042408)
        (0.19232026 0.77560067 0.03093647 0.00114260)
        (0.10528976 0.87231606 0.02152120 0.00087298));
}

potential (x54904 | clustVar)
{
    data = ((0.03907252 0.95358305 0.00645019 0.00089425)
        (0.42164123 0.55914818 0.01575152 0.00345907)
        (0.03705278 0.94135645 0.02116693 0.00042384)
        (0.49550715 0.46984170 0.02933497 0.00531618)
        (0.00295597 0.99615969 0.00070681 0.00017753)
        (0.09473910 0.81726050 0.08282228 0.00517811)
        (0.02859219 0.96993170 0.00105203 0.00042408)
        (0.13056571 0.81600832 0.05228435 0.00114163)
        (0.14237630 0.84213932 0.01462381 0.00086058));
}

potential (x4898 | clustVar)
{
    data = ((0.07722916 0.90578543 0.01652361 0.00046180)
        (0.37008200 0.57168601 0.05296555 0.00526643)
        (0.05499935 0.92586808 0.01870872 0.00042385)
        (0.54430251 0.38387276 0.05333769 0.01848704)
        (0.00491805 0.99295879 0.00194563 0.00017753)
        (0.15087723 0.77135369 0.07000178 0.00776731)
        (0.10090321 0.89692445 0.00174827 0.00042408)
        (0.20449197 0.72656294 0.06221985 0.00672523)
        (0.32183565 0.66060063 0.01580665 0.00175706));
}

potential (x5411 | clustVar)
{
    data = ((0.06883887 0.92138087 0.00933161 0.00044866)
        (0.34028957 0.59200206 0.06121315 0.00649523)
        (0.05755654 0.92569642 0.01631936 0.00042768)
        (0.47668128 0.45515350 0.05487439 0.01329083)
        (0.01377980 0.98477390 0.00126877 0.00017753)
        (0.15697587 0.73066284 0.09872103 0.01364026)
        (0.09674996 0.90150264 0.00132333 0.00042408)
        (0.16331962 0.77808861 0.05291903 0.00567273)
        (0.24455213 0.73000179 0.02289434 0.00255174));
}

potential (x55704 | clustVar)
{
    data = ((0.01049757 0.98544855 0.00360523 0.00044866)
        (0.17432445 0.77891329 0.04502823 0.00173403)
        (0.03180912 0.96390689 0.00386016 0.00042384)
        (0.15258645 0.71741785 0.11671214 0.01328356)
        (0.00123719 0.99772805 0.00085724 0.00017753)
        (0.05455012 0.86632377 0.07653688 0.00258923)
        (0.01287569 0.98151538 0.00518485 0.00042408)
        (0.05911213 0.89538117 0.04323748 0.00226922)
        (0.04975731 0.90105770 0.04746500 0.00171999));
}

potential (x440270 | clustVar)
{
    data = ((0.00286132 0.98518112 0.01150889 0.00044867)
        (0.17128967 0.79957073 0.02741006 0.00172954)
        (0.00396990 0.96676746 0.02883880 0.00042384)
        (0.78955711 0.20176204 0.00602275 0.00265809)
        (0.00017811 0.99777928 0.00186508 0.00017753)
        (0.01304923 0.81768040 0.15361497 0.01565540)
        (0.00418463 0.99208013 0.00331116 0.00042408)
        (0.03475065 0.91174193 0.04675327 0.00675415)
        (0.02893137 0.95959811 0.01061042 0.00086010));
}

potential (x4897 | clustVar)
{
    data = ((0.05338876 0.93707911 0.00907415 0.00045798)
        (0.22159825 0.70887475 0.05908803 0.01043897)
        (0.01188748 0.94880027 0.03868339 0.00062887)
        (0.88629186 0.10830976 0.00273986 0.00265852)
        (0.00048613 0.99704385 0.00229249 0.00017753)
        (0.02762038 0.88465093 0.07344637 0.01428232)
        (0.01740314 0.97973165 0.00244113 0.00042408)
        (0.10816023 0.80821885 0.07468857 0.00893235)
        (0.19921107 0.79690894 0.00295963 0.00092037));
}

potential (x23077 | clustVar)
{
    data = ((0.00781378 0.97926970 0.01224188 0.00067464)
        (0.30736889 0.67366607 0.01723550 0.00172954)
        (0.00334625 0.97550424 0.02072513 0.00042438)
        (0.46018529 0.52110214 0.01605448 0.00265809)
        (0.00034210 0.99886724 0.00061313 0.00017753)
        (0.03325159 0.87179660 0.08311867 0.01183314)
        (0.00533248 0.98683069 0.00741276 0.00042408)
        (0.03922626 0.89334984 0.06299712 0.00442678)
        (0.05068105 0.92414521 0.02343401 0.00173974));
}

potential (x3535 | clustVar)
{
    data = ((0.00059672 0.99544382 0.00349596 0.00046350)
        (0.04234697 0.93982383 0.01546933 0.00235987)
        (0.00042652 0.99203164 0.00669261 0.00084923)
        (0.10186252 0.86704503 0.02407281 0.00701964)
        (0.00030065 0.99807919 0.00144263 0.00017753)
        (0.00848567 0.95375377 0.02748795 0.01027260)
        (0.00067581 0.98689867 0.01183796 0.00058756)
        (0.01113289 0.97315230 0.01345582 0.00225898)
        (0.00385321 0.96474338 0.02915550 0.00224791));
}

potential (x9284 | clustVar)
{
    data = ((0.05157685 0.94383837 0.00413519 0.00044960)
        (0.34319053 0.61790308 0.03404188 0.00486451)
        (0.02452197 0.96293133 0.01170073 0.00084598)
        (0.67940899 0.30143377 0.01599883 0.00315841)
        (0.00219038 0.99683615 0.00079594 0.00017753)
        (0.02932954 0.80176458 0.16112836 0.00777752)
        (0.01286791 0.96637276 0.02032181 0.00043752)
        (0.12868723 0.83145093 0.03610117 0.00376066)
        (0.12102857 0.81647182 0.05763959 0.00486002));
}

potential (x5310 | clustVar)
{
    data = ((0.02084896 0.97568430 0.00301794 0.00044879)
        (0.47149523 0.52043198 0.00634325 0.00172954)
        (0.00570542 0.97881385 0.01505553 0.00042520)
        (0.66200757 0.32203720 0.01329714 0.00265809)
        (0.00049344 0.99686333 0.00246570 0.00017753)
        (0.06090898 0.84900933 0.07456233 0.01551936)
        (0.00151734 0.97338897 0.02424650 0.00084718)
        (0.09864284 0.87797064 0.02224692 0.00113960)
        (0.04521721 0.92501592 0.02890672 0.00086015));
}

potential (x4297 | clustVar)
{
    data = ((0.01380179 0.97114072 0.01459270 0.00046479)
        (0.37484369 0.60814254 0.01403668 0.00297708)
        (0.02299892 0.96683164 0.00951325 0.00065619)
        (0.46429822 0.48519595 0.04253155 0.00797428)
        (0.00189300 0.99744127 0.00048820 0.00017753)
        (0.08448937 0.84036149 0.06878759 0.00636155)
        (0.01499044 0.97794717 0.00661404 0.00044835)
        (0.06944254 0.85623658 0.07317819 0.00114269)
        (0.06856287 0.88785678 0.03741105 0.00616930));
}

potential (x5297 | clustVar)
{
    data = ((0.15407446 0.83408706 0.01137169 0.00046678)
        (0.65507678 0.33112521 0.01033956 0.00345845)
        (0.04798139 0.89246259 0.05865046 0.00090556)
        (0.75364359 0.22503607 0.01334511 0.00797523)
        (0.00732085 0.98602824 0.00647338 0.00017753)
        (0.12723879 0.74864417 0.10798849 0.01612855)
        (0.09752420 0.89401552 0.00785354 0.00060673)
        (0.27678120 0.67498616 0.04488107 0.00335157)
        (0.40920984 0.57682925 0.01292136 0.00103955));
}

potential (x8499 | clustVar)
{
    data = ((0.17312577 0.82595944 0.00046546 0.00044933)
        (0.59606058 0.38712829 0.01508160 0.00172954)
        (0.03533010 0.88400810 0.07794876 0.00271304)
        (0.57533518 0.37947563 0.04253110 0.00265809)
        (0.00513348 0.97876603 0.01585266 0.00024783)
        (0.05880576 0.74005258 0.18513085 0.01601081)
        (0.06156156 0.92669237 0.01131483 0.00043123)
        (0.37653036 0.60760944 0.01472522 0.00113498)
        (0.38618178 0.60791170 0.00504642 0.00086009));
}

potential (x55904 | clustVar)
{
    data = ((0.02982299 0.96136860 0.00767845 0.00112996)
        (0.26529054 0.68747351 0.04206687 0.00516908)
        (0.01652529 0.95803063 0.02502013 0.00042395)
        (0.32775219 0.59661059 0.06763289 0.00800432)
        (0.00345939 0.99591310 0.00044998 0.00017753)
        (0.09638320 0.80079006 0.09181769 0.01100905)
        (0.01659574 0.97610499 0.00686862 0.00043065)
        (0.09385920 0.82881476 0.07283127 0.00449477)
        (0.09828135 0.85617878 0.04016285 0.00537701));
}

potential (x57035 | clustVar)
{
    data = ((0.05374226 0.94438113 0.00142795 0.00044866)
        (0.34247129 0.62813214 0.02766666 0.00172992)
        (0.02447904 0.92343416 0.05123543 0.00085137)
        (0.36322699 0.58891686 0.03456628 0.01328987)
        (0.00092950 0.99131828 0.00757469 0.00017753)
        (0.05156485 0.80848495 0.12703375 0.01291645)
        (0.03340830 0.96399338 0.00217424 0.00042408)
        (0.15423989 0.81551099 0.02797732 0.00227181)
        (0.22354770 0.77093773 0.00465449 0.00086008));
}

potential (x10905 | clustVar)
{
    data = ((0.11087735 0.84935487 0.03878199 0.00098578)
        (0.66979831 0.31458297 0.01388919 0.00172954)
        (0.08242812 0.88635197 0.02998944 0.00123047)
        (0.72512105 0.24035018 0.02921259 0.00531618)
        (0.03650800 0.96184105 0.00147341 0.00017755)
        (0.15690522 0.76003062 0.07007582 0.01298834)
        (0.05946768 0.93369798 0.00639548 0.00043886)
        (0.23320225 0.68220454 0.07696535 0.00762786)
        (0.23935327 0.72226871 0.03483043 0.00354759));
}

potential (x28978 | clustVar)
{
    data = ((0.22492299 0.71990372 0.05289809 0.00227520)
        (0.87110893 0.10616137 0.01966678 0.00306292)
        (0.20218564 0.73553925 0.05717482 0.00510029)
        (0.88844698 0.06354717 0.03942273 0.00858312)
        (0.11740032 0.87761119 0.00481038 0.00017811)
        (0.41307740 0.46875366 0.10177833 0.01639061)
        (0.42823114 0.56861355 0.00271488 0.00044043)
        (0.30269429 0.51972841 0.15527052 0.02230678)
        (0.65475767 0.33303757 0.01060400 0.00160076));
}

potential (x6134 | clustVar)
{
    data = ((0.22200680 0.75708047 0.02028385 0.00062888)
        (0.52984977 0.39223453 0.07442540 0.00349030)
        (0.13529649 0.81238697 0.05113310 0.00118344)
        (0.56894072 0.30488432 0.09962770 0.02654726)
        (0.11639326 0.88188034 0.00152123 0.00020518)
        (0.29080764 0.60761381 0.09632758 0.00525097)
        (0.27680570 0.71679363 0.00570700 0.00069367)
        (0.29046503 0.61769668 0.08379483 0.00804345)
        (0.47894170 0.49574208 0.02110918 0.00420704));
}

potential (x54460 | clustVar)
{
    data = ((0.20933819 0.74762562 0.04109266 0.00194353)
        (0.59009836 0.33691705 0.05597954 0.01700505)
        (0.19227004 0.76778905 0.03830544 0.00163546)
        (0.72744668 0.20948280 0.05219615 0.01087437)
        (0.08686349 0.91036305 0.00259593 0.00017753)
        (0.35555245 0.53780892 0.08817307 0.01846556)
        (0.34796474 0.65025789 0.00135290 0.00042447)
        (0.32993509 0.57340511 0.08678393 0.00987587)
        (0.55040608 0.42489681 0.02293533 0.00176177));
}

potential (x80205 | clustVar)
{
    data = ((0.03099061 0.95260859 0.01595101 0.00044978)
        (0.15373567 0.70477763 0.12419291 0.01729379)
        (0.03250647 0.95449925 0.01256957 0.00042471)
        (0.39900167 0.54701026 0.05132757 0.00266051)
        (0.00318019 0.99610224 0.00054005 0.00017753)
        (0.09954157 0.77508824 0.11234882 0.01302137)
        (0.03679748 0.95807041 0.00470803 0.00042408)
        (0.06852040 0.84344167 0.08353828 0.00449965)
        (0.13649990 0.83554398 0.02709604 0.00086008));
}

potential (x56853 | clustVar)
{
    data = ((0.01762708 0.96058492 0.02087208 0.00091592)
        (0.80480439 0.18999584 0.00174055 0.00345922)
        (0.02646105 0.93999993 0.03298807 0.00055095)
        (0.89475717 0.09992664 0.00265809 0.00265809)
        (0.00317302 0.98983088 0.00681857 0.00017753)
        (0.06317457 0.81651973 0.09552061 0.02478509)
        (0.01904311 0.96218823 0.01764684 0.00112182)
        (0.05998716 0.85787754 0.07872619 0.00340911)
        (0.08194887 0.88470558 0.02867073 0.00467482));
}

potential (x577 | clustVar)
{
    data = ((0.07142355 0.90697274 0.02115285 0.00045086)
        (0.41639188 0.54448907 0.03220156 0.00691748)
        (0.02628938 0.90753488 0.06426424 0.00191150)
        (0.78574480 0.20566918 0.00592691 0.00265911)
        (0.00149103 0.98959713 0.00873319 0.00017865)
        (0.08865121 0.73991799 0.14272076 0.02871004)
        (0.02425926 0.96385445 0.01131519 0.00057110)
        (0.15389605 0.76179018 0.07860920 0.00570456)
        (0.20205745 0.76688757 0.03018201 0.00087297));
}

potential (x9324 | clustVar)
{
    data = ((0.05825320 0.92122904 0.02006362 0.00045415)
        (0.30195131 0.61817704 0.06431655 0.01555510)
        (0.02404284 0.94622313 0.02931019 0.00042384)
        (0.40113370 0.55167606 0.04185757 0.00533267)
        (0.00495371 0.99297893 0.00188983 0.00017753)
        (0.08177160 0.79452334 0.10817540 0.01552966)
        (0.08411625 0.91485436 0.00060532 0.00042408)
        (0.09820460 0.80351138 0.09489227 0.00339174)
        (0.27052890 0.71682958 0.01178141 0.00086011));
}

potential (x5789 | clustVar)
{
    data = ((0.11141733 0.86440975 0.02285708 0.00131584)
        (0.53892465 0.42375980 0.03210602 0.00520953)
        (0.03093086 0.93497708 0.03366806 0.00042400)
        (0.32002399 0.58047311 0.08887271 0.01063019)
        (0.00128324 0.99588956 0.00264968 0.00017753)
        (0.09549937 0.80812438 0.09376524 0.00261100)
        (0.04523631 0.94936763 0.00497198 0.00042408)
        (0.15596954 0.77236886 0.06585614 0.00580546)
        (0.24549274 0.74191782 0.01006942 0.00252003));
}

potential (x54212 | clustVar)
{
    data = ((0.07968297 0.88866454 0.03117774 0.00047474)
        (0.56959589 0.39395220 0.03126399 0.00518792)
        (0.03201438 0.91392962 0.05323048 0.00082552)
        (0.92913557 0.06283110 0.00537418 0.00265915)
        (0.00408210 0.99139083 0.00434954 0.00017753)
        (0.09170266 0.77552707 0.12020029 0.01256998)
        (0.04017538 0.95159430 0.00780624 0.00042408)
        (0.11727636 0.80685422 0.07014439 0.00572503)
        (0.11822495 0.86736842 0.01260652 0.00180011));
}

potential (x4331 | clustVar)
{
    data = ((0.12237160 0.87247349 0.00427112 0.00088380)
        (0.63902022 0.34340535 0.01584386 0.00173057)
        (0.02963150 0.92274082 0.04720382 0.00042386)
        (0.78267623 0.19595252 0.01339856 0.00797269)
        (0.00139527 0.99203962 0.00638758 0.00017753)
        (0.05408604 0.79134136 0.14162712 0.01294548)
        (0.03924348 0.95363366 0.00669879 0.00042408)
        (0.25176808 0.70709377 0.03896841 0.00216975)
        (0.31754949 0.65905887 0.02243047 0.00096117));
}

potential (x64848 | clustVar)
{
    data = ((0.15251910 0.82403668 0.02246736 0.00097686)
        (0.63317752 0.31606540 0.04065242 0.01010466)
        (0.11689560 0.83918583 0.04335461 0.00056396)
        (0.73163421 0.21198708 0.03776619 0.01861252)
        (0.03045331 0.96716022 0.00216723 0.00021923)
        (0.23617138 0.63032837 0.12312819 0.01037206)
        (0.16270735 0.82801121 0.00846100 0.00082044)
        (0.29047557 0.61082358 0.08802473 0.01067612)
        (0.37967339 0.59824142 0.02117202 0.00091317));
}

potential (x6432 | clustVar)
{
    data = ((0.09220127 0.88133773 0.02601234 0.00044866)
        (0.50270686 0.47388485 0.02167085 0.00173743)
        (0.05315433 0.90814428 0.03827755 0.00042384)
        (0.47646625 0.44187117 0.06572616 0.01593642)
        (0.02757977 0.96902896 0.00321374 0.00017753)
        (0.17853587 0.71157717 0.09694206 0.01294490)
        (0.19945306 0.79815306 0.00196981 0.00042408)
        (0.20513698 0.72850216 0.06182256 0.00453829)
        (0.47538544 0.51105029 0.01270416 0.00086010));
}

potential (x5144 | clustVar)
{
    data = ((0.07769970 0.90784274 0.01356067 0.00089689)
        (0.30399068 0.65607849 0.03128408 0.00864674)
        (0.02963211 0.93335230 0.03650047 0.00051512)
        (0.73941272 0.24470500 0.01322268 0.00265960)
        (0.00445207 0.99137522 0.00399518 0.00017753)
        (0.09761992 0.78757967 0.09473493 0.02006548)
        (0.04303732 0.95133572 0.00519723 0.00042972)
        (0.21918540 0.72485828 0.04813244 0.00782387)
        (0.19825077 0.75707336 0.04026705 0.00440881));
}

potential (x140890 | clustVar)
{
    data = ((0.12356506 0.85452089 0.01994356 0.00197049)
        (0.34803394 0.54891128 0.08753466 0.01552012)
        (0.11505383 0.85347184 0.03062513 0.00084921)
        (0.61239251 0.31454513 0.05438485 0.01867751)
        (0.02398681 0.97299108 0.00284455 0.00017756)
        (0.19788743 0.67713320 0.11463073 0.01034864)
        (0.09646563 0.89581167 0.00729859 0.00042411)
        (0.23742576 0.67569985 0.07369416 0.01318023)
        (0.26595470 0.69986120 0.02989265 0.00429146));
}

potential (x23262 | clustVar)
{
    data = ((0.13705461 0.79014049 0.06895788 0.00384702)
        (0.52604718 0.42582280 0.03682319 0.01130683)
        (0.09575488 0.87038302 0.03296843 0.00089366)
        (0.73330072 0.23683043 0.01793390 0.01193495)
        (0.02714482 0.96989129 0.00278480 0.00017910)
        (0.19852328 0.65764158 0.12883590 0.01499924)
        (0.14374087 0.85192801 0.00389697 0.00043416)
        (0.25203562 0.67960769 0.05823358 0.01012311)
        (0.32587218 0.65085999 0.02022242 0.00304541));
}

